 neval,hmin,hmean,hstd so far from pnmead are:
         346   919.15980206463212        1260.8331236252825        184.39572727885258     

 parameters that correspond to hminvalue so far are:
   2.7033163140702499     
  -1.0150625022161137     
   4.7040973896249421     
  -100.00000000000000     
  0.81936324595934307     
 -0.81639578306905958     
   2.7094995982986849     
  -100.00000000000000     
   2.8768707855390812     
   1.5676826798089714     
  0.15232739105287485     
  0.43841594235542936     
   2.0085443352180414     
   0.0000000000000000     
  0.56639486967370112     
  -1.1203264996437303     
  -20.000000000000000     
   0.0000000000000000     
   0.0000000000000000     
  0.25413479743969636     
  -2.9909214897381462     
   5589.1557724471731     
   9526.2376577337345     
  -602.76118200353517     
  -1451.4685608295511     
  -3.4940725661044878     
  -7.4140570270930812     
  -6.0258424520969296     
  -15.333722669641929     
  -5.1679571108315940     
  -12.906691496155998     
  -3.3848558213884852     
  -1288.3242082344455     
   0.0000000000000000     
   39.849980232993857     
  -1866.1042474593619     
   3833.6798122512632     
   2497.5912014346491     
   2704.2888528596613     
   3585.1130038794327     
  -4584.3852777186548     
 -0.16856616913177772     
 -0.57590602945790215     
   0.0000000000000000     
 -0.25459229790582238     
 -0.37619339077781871     
 -0.54100470951547031     
 -0.29243807735467148     
 -0.30972213745264460     
 -0.25519257357511149     
 -0.11312563349322025     
  -1.7398924915683167     
   1.3818872833964801     
  -5.1433925203080710E-003
  0.13636047629003556     
   8.5410795440145293E-002
   1.2367082484887749E-002
  -9.9849968051983734E-002
  -5.7863407347481868E-002
   4.8042748816671241E-002
 -0.24551052166725446     
  -4.4314578461959034E-002
 -0.44877177968099369     
  -2.1543525189185493     
   1.3818872833964801     
  -1.6420846820488499     
  -1.5263961568320528     
   15000.000000000000     
   15000.000000000000     
   0.0000000000000000     
   0.0000000000000000     
   9.0320506181694000     
   8.8801984930633768     
   0.0000000000000000     
  -7.6141364026395346E-005
  -3.2762865334832081E-002
  0.45614303533587408     
   9.2001413046042746     
   9.0416420539639741     
  -24087.509682674161     
   2.0360605302054027E-004
  0.48292801661687490     
  0.31301229331700553     
   9.7056480049773199     
   9.1930381444709379     
  -10705.017200812934     
  -3.4436660386377509E-004
  -1.2810369434163122     
  0.23750304975839559     
   9.4417043050788863     
   9.3094704785595894     
  -3777.5034246161413     
   1.3618561485578348E-002
