  0.70266465321978266     
  -4.4826803833225863     
   4.8585209521726984     
  -100.00000000000000     
  0.50000000000000000     
  -1.0000000000000000     
  0.50000000000000000     
  -100.00000000000000     
  0.76757729633455907     
  -1.1545135539440645     
 -0.20466376709587400     
  0.47284935730491806     
   2.2861400812150867     
   0.0000000000000000     
   0.0000000000000000     
 -0.97973935724281813     
  -20.000000000000000     
   0.0000000000000000     
   0.0000000000000000     
  -1.2209985945426001     
  -1.6000000000000301     
   6600.9334350855534     
   3000.0000000000000     
   0.0000000000000000     
   0.0000000000000000     
  -4.2151603034091503     
  -5.2221374544622563     
  -1.8738328625430685     
  -15.333722669641418     
  -5.1679571108311677     
  -15.793247901961195     
  -1.1759863601576399     
  -2600.1430454081010     
   0.0000000000000000     
  -805.96913807614760     
  -330.23296861867414     
   2668.6713541309341     
   1767.2123687714193     
  -787.56165479406957     
   1629.4341645828108     
  -3050.4915603994409     
   5.2293635512925457E-002
  -1.4185949661731990E-002
   0.0000000000000000     
 -0.11028870498654136     
 -0.13858974849752859     
 -0.13848298919635799     
 -0.11562867611346367     
 -0.14461794156655150     
   4.5340123011203957E-002
 -0.83607606903870657     
  -2.6600364207113993     
   1.3818872833964801     
   8.5375212325224101     
   8.5164410296733308     
   8.4325746872507370     
   8.4481237089426600     
   8.3180171103348908     
   8.2774850510186297     
   8.3504494415743693     
   8.4712905785968360     
   8.4550235108633292     
  -1.2812249249955987     
  -1.0000000000000000     
  -3.3779037343361429     
  -2.3046895709683959     
  -1.3817071526855500     
  0.66617893638207104     
   8314.8043717085893     
   0.0000000000000000     
   0.0000000000000000     
   8.8690771511860920     
   9.0000000000000000     
   0.0000000000000000     
  0.29999999999998817     
  0.48683025837547322     
 -0.40249321300805729     
   9.6868423408976643     
   9.4000000000000004     
  -1.6000000238418579     
  0.29999999999998817     
  0.40931448061136239     
  -1.6048995255451341E-002
  0.54355876790811664     
   1.0000000000000000     
  -1.6000000238418579     
  0.29999999999998817     
  0.44119100885462176     
   4.1395692112990323E-002
   2.2293114600939967     
   2.0000000000000000     
  -1.6000000238418579     
  0.29999999999998817     
