   1.3926464383640664     
 -0.72495169871502108     
   3.4136132025636705     
  -100.00000000000000     
  0.18696514062052466     
 -0.39784693453611808     
  0.51125643755193950     
  -100.00000000000000     
   2.8061997814838398     
  -1.4171998411293962     
 -0.94850098495269175     
  -3.3436499520952063     
   2.0085443352180175     
   0.0000000000000000     
  0.65999999999999659     
  -1.3554306215500742     
  -20.000000000000000     
   0.0000000000000000     
   0.0000000000000000     
  -1.2209985945425985     
  -1.6000000000001364     
   6691.1748052120674     
   7792.4996372504265     
  -499.90710110786779     
  -1500.0133773482739     
  -4.2151603034094203     
  -4.9719860267115692     
  -3.7653817616674878     
  -15.333722669641929     
  -5.1679571108314875     
  -14.016429184348326     
  -2.5548344431341987     
  -4025.9555742131852     
   0.0000000000000000     
  -1679.2558223701997     
  -459.76283648598633     
   4393.9335572588898     
  -211.33226666196470     
   106.17458980537005     
   2397.1090081027523     
  -967.13137997222668     
   3.1494591892722246E-002
  -7.7915062443715502E-002
   0.0000000000000000     
 -0.13719542535552071     
 -0.12713214167701203     
 -0.13863857421672154     
 -0.14166510668666138     
 -0.16620647885723430     
  -1.3373980740121572E-002
 -0.71572363244019677     
  -2.7632842552989638     
   1.3818872833964801     
  0.15152184789842443     
   5.8392299537037590E-002
   9.1262288701503436E-002
  -6.4835124016870610E-002
  -4.8876102868809310E-003
  -4.5079126911107756E-002
  -6.9547639439766523E-002
  -7.3847078438787933E-002
   7.8306504562602408E-002
 -0.30039210869230093     
  -3.1032782527417511     
   1.3818872833964801     
  -1.1287117746659185     
 -0.90523828737191048     
   3150.1391096963753     
   4106.3657451920608     
   0.0000000000000000     
   0.0000000000000000     
   8.8960072460076329     
   8.6741240559202808     
   0.0000000000000000     
  0.29999999999998644     
  0.48683025837548921     
 -0.40249321300805718     
   9.6057533030352324     
   9.2109809179730568     
  -1.6000000238418579     
  0.29999999999998644     
  0.40931448061133580     
  -1.6048995255451341E-002
   8.8723330042323347     
   8.6011296306394520     
  -1.6000000238418579     
  0.29999999999998644     
  0.44119100885457735     
   4.1395692112993654E-002
   9.5960313233265548     
   9.1704325726004594     
  -1.6000000238418579     
  0.29999999999998644     
