   1.4720723527079009     
  -2.0867581015556409     
   4.3442080445168596     
  -100.00000000000000     
   1.3001586478014435     
  -2.0685418628255055     
  0.84930843207872553     
  -100.00000000000000     
   2.2411273050419314     
 -0.72086211937014655     
  0.25976812309130426     
  -4.5553387428664607     
   2.0085443352180197     
   0.0000000000000000     
  0.65999999999999659     
  -1.0442392065428605     
  -20.000000000000000     
   0.0000000000000000     
   0.0000000000000000     
  -1.2209985945425608     
  -1.6000000000001364     
   7510.5179596602557     
   9351.3897687422887     
  -337.81262383684134     
  -1451.4685608295481     
  -4.2151603034094691     
  -5.4983953707594306     
  -4.3951120252480615     
  -15.333722669641929     
  -5.1679571108315940     
  -12.721080405195568     
  -2.5872696189620754     
  -3855.2034645535923     
   0.0000000000000000     
  -1859.3763898138986     
  -450.19546999426404     
   5710.5314256293659     
  -141.03278080571661     
   115.02250891561287     
   2346.3343392748820     
  -915.57678257537907     
  0.13527201989961199     
  -2.1340181280458469E-002
   0.0000000000000000     
  -2.1797872124775450E-002
 -0.25231643150748728     
  -3.9164248490290349E-002
 -0.20411499755066265     
 -0.16522750093522778     
   9.9626950558703950E-002
 -0.74496166583579859     
  -2.7571575787142653     
   1.3818872833964801     
  0.11705467028365615     
   9.1820750796149611E-002
  0.21103438855644374     
  -5.0898146172032900E-003
  -2.6690535364703533E-002
   1.4450722158022676E-002
  -2.2637177416955388E-002
  -1.9961854408911954E-002
  0.19994143285867741     
 -0.21247134138981788     
  -3.1993486022212188     
   1.3818872833964801     
  -1.1574296038133591     
  -2.0420472960003755     
   3014.5251998500312     
   2795.6209627021526     
   0.0000000000000000     
   0.0000000000000000     
   9.0965966573143433     
   8.8109015558566561     
   0.0000000000000000     
   9.9999999999998840E-002
   1.3162024150486238     
   1.1462790734609209     
   9.0648717616346488     
   8.5053015517798638     
  -75.372246921511959     
   9.9999999999998840E-002
  0.81452146605396081     
   1.3265077588996337     
   9.1998895808070635     
   9.0575726399637695     
  -663.25387944981810     
   9.9999999999998840E-002
   1.0275102292557321     
  0.39825167242953818     
   9.3653015517799680     
   9.2653015517799240     
   8187.6490946437016     
   9.9999999999998840E-002
