   3.0324705907463558     
  -1.1689230948328517     
   3.8301673582348759     
  -100.00000000000000     
  0.66005558526461494     
  -1.2245636343918673     
  0.97646835779299002     
  -100.00000000000000     
   3.2036037665544819     
  -1.0512430377126900     
  0.29498708278152230     
  -4.6684654707123707     
   2.0085443352180099     
   0.0000000000000000     
  0.65999999999999659     
  -1.4368975175788312     
  -20.000000000000000     
   0.0000000000000000     
   0.0000000000000000     
  -1.2209985945425657     
  -1.6000000000001364     
   7260.9613183355759     
   12294.302216523130     
  -533.09833483655370     
  -1451.4685608295381     
  -4.2151603034094354     
  -5.5766487591949430     
  -4.2399541024205547     
  -15.333722669641929     
  -5.1679571108315940     
  -13.821861967309456     
  -2.6878565238081724     
  -3855.2034645536069     
   0.0000000000000000     
  -1859.3763898138805     
  -450.19546999426075     
   5710.5314256294023     
  -141.03278080571747     
   115.02250891561287     
   2346.3343392749111     
  -915.57678257538589     
   7.6205331796797074E-002
  -1.2783946363309956E-002
   0.0000000000000000     
 -0.11632973464812815     
 -0.19464188711473618     
 -0.14535018217994067     
 -0.11872807333022513     
 -0.16258721117316721     
  -1.8719353554304957E-003
 -0.74100246357408828     
  -2.8056398888655463     
   1.3818872833964801     
  0.20142936840406495     
   6.2259575153136154E-002
   5.2608018888019609E-002
  -5.1612238195562210E-003
  -9.6689355955486056E-002
  -7.5832510466690442E-002
  -7.1651547164717819E-002
  -4.1423441716191348E-002
  0.15163726044546313     
 -0.26160401268256778     
  -3.1207605151361792     
   1.3818872833964801     
  -1.2450354741618890     
  -1.4661645176087805     
   2823.5891438803128     
   2746.5387262127906     
   0.0000000000000000     
   0.0000000000000000     
   9.0895265744662002     
   8.8423513143768968     
   0.0000000000000000     
   9.9999999999999728E-002
   1.2208439340690467     
  0.82968494297774154     
   9.0454928392227618     
   8.8823410053494758     
  -108.77978482918533     
   9.9999999999999728E-002
   1.0626366098540152     
   1.0620401202977985     
   9.2190410069732280     
   8.9313002215482680     
  -388.25274646931496     
   9.9999999999999728E-002
  0.36359485080167286     
  0.99475729744766461     
   9.3386043359964788     
   9.2567445087001587     
   7987.3790205463847     
   9.9999999999999728E-002
