   1.8417429116468571     
 -0.94792191933077397     
   3.3414341952495104     
  -100.00000000000000     
  0.26240896538725933     
 -0.78835828012881826     
   2.4740371984134142     
  -100.00000000000000     
   2.2566384152137235     
   1.5000000000000000     
 -0.74300572617607008     
  0.10000000000000001     
   2.0085443352180015     
   0.0000000000000000     
  0.65999999999999659     
  -2.4191183722769170     
   0.0000000000000000     
   0.0000000000000000     
   0.0000000000000000     
  -1.2209985945425648     
  -2.5000000000000000     
   6653.9686610966801     
   10513.112752133817     
  -483.89161262324063     
  -1451.4685608295388     
  -3.2151603034094132     
  -5.3000001907348633     
  -4.0000000000000000     
  -5.2999999999999998     
  -4.0000000000000000     
  -13.595476233865908     
  -2.6747092018291161     
  -3641.2400968917414     
   0.0000000000000000     
  -1645.4130221520199     
  -236.23210233240025     
   3323.4806073226241     
   72.930586856143918     
   328.98587657747288     
   2500.1244603383393     
  -701.61341491352641     
  -4.8916300387685362E-003
  -9.3146035300440994E-002
   0.0000000000000000     
 -0.15149520799088811     
 -0.18335430149218265     
 -0.14482147953851993     
 -0.16334459955394354     
 -0.19104211531465010     
  -4.2464989648237403E-002
 -0.75392109348154612     
  -5.3139005957877306     
   0.0000000000000000     
  0.17801415762746184     
   3.6188726618163428E-002
   8.5410795440145321E-002
  -2.9847225643792004E-002
  -7.2367487937285868E-002
  -2.3661001499031619E-002
  -6.5216182593537342E-002
  -7.1981489388945274E-002
   7.8485257067897871E-002
 -0.26281763961003024     
  -4.1113416231166635     
   0.0000000000000000     
 -0.12516463136448719     
 -0.38160136660564170     
   30000.000000000000     
   10000.000000000000     
   0.0000000000000000     
   0.0000000000000000     
   9.2000001907348636     
   9.2000001907348636     
  -80000.000000000000     
   2.0000000000000001E-004
  0.12995487147266033     
  0.12995487147266033     
   9.2000001907348636     
   9.2000001907348636     
  -80000.000000000000     
   2.0000000000000001E-004
  0.12995487147266033     
  0.12995487147266033     
   9.2000001907348636     
   9.2000001907348636     
  -10000.000000000000     
  0.10000000149011612     
 -0.57004512852734068     
  0.12995487147266044     
   9.2000001907348636     
   9.2000001907348636     
  -10000.000000000000     
  0.10000000149011612     
