   2.4084758009133456     
  -1.7213700194512989     
   3.9832989464345960     
  -100.00000000000000     
  0.29850809010934365     
  -1.6545736389972663     
   1.0920224000299164     
  -100.00000000000000     
   2.7639626597626390     
  -1.0638206308943261     
  -8.6564070741344243E-002
  -1.7701510051590021     
   2.0085443352180095     
   0.0000000000000000     
  0.65999999999999659     
  -1.1336274035142884     
  -20.000000000000000     
   0.0000000000000000     
   0.0000000000000000     
  -1.2209985945425679     
  -1.6000000000001364     
   6721.4784623233272     
   9356.7445328463218     
  -540.12241415074095     
  -1451.4685608295392     
  -4.2151603034094274     
  -5.6942560240372693     
  -4.4629710613885782     
  -15.333722669641929     
  -5.1679571108315940     
  -13.183333438807857     
  -2.6718352406444921     
  -3855.2034645536178     
   0.0000000000000000     
  -1859.3763898138991     
  -450.19546999425955     
   5710.5314256293414     
  -141.03278080571781     
   115.02250891561287     
   2346.3343392748893     
  -915.57678257538248     
   6.0103967619628197E-002
  -5.9784364435673011E-002
   0.0000000000000000     
 -0.13180136766273604     
 -0.21765286407162304     
 -0.13035487031348431     
 -0.15323413274486433     
 -0.19056633413539703     
  -9.9993190106676798E-004
 -0.72006399808954269     
  -2.7740965196310579     
   1.3818872833964801     
  0.22127900842725737     
   6.0342506363744892E-002
   8.4839375488722460E-002
  -3.5677139629986386E-002
 -0.14914070550011918     
  -3.5401536526155714E-002
  -6.4775328290736595E-002
  -6.2835913105660043E-002
  0.10943410817593593     
 -0.20979949393012906     
  -3.1034609901565111     
   1.3818872833964801     
  -1.3558440410756316     
  -1.7172505739617858     
   3476.2228054961161     
   2310.6343898392965     
   0.0000000000000000     
   0.0000000000000000     
   9.0905069120497117     
   8.4187928408684982     
   0.0000000000000000     
   9.9999999999998854E-002
   1.2361743407196595     
   1.2230435314217925     
   9.1481802696334604     
   8.9011356151334180     
  -91.950096827021824     
   9.9999999999998854E-002
   1.2518259328219987     
   1.1891487031879546     
   9.3706174049208126     
   9.1052803315794453     
  -601.37381963397308     
   9.9999999999998854E-002
   5.1770179036721958E-002
  0.84574825558500333     
   9.3988975219921649     
   9.2307643674478292     
   7942.8745381919471     
   9.9999999999998854E-002
