 neval,hmin,hmean,hstd so far from pnmead are:
  1613541908   8.7214027028830571E-312   189.29022191507767        4.5750414218304050     

 parameters that correspond to hminvalue so far are:
   2.4058114775495358     
  -1.6527910981653808     
   3.9592800738955560     
  -100.00000000000000     
  0.29889372096568873     
  -1.6864543847299764     
   1.0829689849309698     
  -100.00000000000000     
   2.6908508429516331     
  -1.0693071436689769     
  -4.4580120056333022E-002
  -1.6918752617819361     
   2.0085443352180081     
   0.0000000000000000     
  0.65999999999999659     
  -1.1368103472712852     
  -20.000000000000000     
   0.0000000000000000     
   0.0000000000000000     
  -1.2209985945425692     
  -1.6000000000001364     
   6639.7079557576080     
   9386.9053775608118     
  -531.25618664139074     
  -1451.4685608295395     
  -4.2151603034094265     
  -5.6572638232291350     
  -4.4522674427755984     
  -15.333722669641929     
  -5.1679571108315940     
  -13.250588731514899     
  -2.6682456960529608     
  -3855.2034645536223     
   0.0000000000000000     
  -1859.3763898139000     
  -450.19546999425927     
   5710.5314256293277     
  -141.03278080571798     
   115.02250891561287     
   2346.3343392748839     
  -915.57678257538271     
   5.7788882685942081E-002
  -5.6555723110754935E-002
   0.0000000000000000     
 -0.13534632137714969     
 -0.22124323519430139     
 -0.12589177717723271     
 -0.14971481173724188     
 -0.19633037231467049     
  -1.7898732177524732E-004
 -0.71966876613518482     
  -2.7720511233705247     
   1.3818872833964801     
  0.22608898652823328     
   7.0303383245268219E-002
   9.1131080171740431E-002
  -2.6891884638422944E-002
 -0.16051552158857463     
  -2.9799586731235492E-002
  -5.3565887861982908E-002
  -5.6462632028996276E-002
  0.11556191809889793     
 -0.20169393386281989     
  -3.0963547692856910     
   1.3818872833964801     
  -1.3570170868323534     
  -1.7172141615788576     
   3444.6719348031802     
   2301.6907081754916     
   0.0000000000000000     
   0.0000000000000000     
   9.0786337114247893     
   8.3997616515517350     
   0.0000000000000000     
   9.9999999999998729E-002
   1.2452707898637823     
   1.2273644959659031     
   9.1469394147692284     
   8.9015743969894210     
  -77.738430340799056     
   9.9999999999998729E-002
   1.2476362079580487     
   1.1832066738352007     
   9.4764875859121318     
   9.1075573715559450     
  -595.47572143618618     
   9.9999999999998729E-002
 -0.10206828784551070     
  0.82571561960716977     
   9.3645775074402344     
   9.2336095336893820     
   7912.7924505533629     
   9.9999999999998729E-002
