 Found a better point
   2.4456365561720488     
  -1.2868983126530509     
   3.1982661113796249     
  -100.00000000000000     
  0.88532323486956654     
 -0.16108303121109779     
   1.0779308429385999     
  -100.00000000000000     
   2.8605320597388864     
 -0.63397867033439881     
 -0.13911208165088462     
  -4.2117154615604564     
   2.0085443352180117     
   0.0000000000000000     
  0.65999999999999659     
  -1.1240152474912997     
  -20.000000000000000     
   0.0000000000000000     
   0.0000000000000000     
  -1.2209985945425617     
  -1.6000000000001364     
   7176.4563616990145     
   8443.3881190931188     
  -548.75735165926142     
  -1451.4685608295431     
  -4.2151603034094389     
  -5.7044350100886296     
  -4.4174989303899537     
  -15.333722669641929     
  -5.1679571108315940     
  -13.119960609937799     
  -2.6271576394363003     
  -3855.2034645535969     
   0.0000000000000000     
  -1859.3763898138905     
  -450.19546999426314     
   5710.5314256293896     
  -141.03278080571695     
   115.02250891561287     
   2346.3343392748948     
  -915.57678257538362     
   4.1385118917681776E-003
  -8.0759541674121513E-002
   0.0000000000000000     
  -6.1685892598994235E-002
 -0.18626872107495424     
  -4.8238722702965864E-002
  -7.0246708643833949E-002
 -0.17938193364187588     
   5.9738930084484845E-002
 -0.72111088869262308     
  -2.8399195313261774     
   1.3818872833964801     
  0.26269977571519998     
  0.11252730834363116     
  0.17114636808222500     
   4.6041950303364748E-002
  -9.9763367987572543E-002
  -8.6089448477844194E-002
   1.1884034989327052E-002
   9.8827771232362291E-003
  0.16005341238445872     
 -0.23000743482110719     
  -3.0785314183277337     
   1.3818872833964801     
  -1.2372056447617990     
  -1.5105008340307118     
   4151.6508971521498     
   3324.1516860955589     
   0.0000000000000000     
   0.0000000000000000     
   9.1413687394954639     
   8.8028933680786050     
   0.0000000000000000     
   9.9999999999999395E-002
  0.91455398574426772     
   1.2068436974769789     
   9.0675152080731980     
   8.9381247761190270     
  -120.68436974769799     
   9.9999999999999395E-002
   1.2068436974769789     
   1.2068436974769785     
   9.2413687394953783     
   8.9887381078894624     
  -603.42184873848873     
   9.9999999999999395E-002
  -3.3931563025230211     
  0.71014447098345745     
   9.3413687394954188     
   9.2413687394953783     
   8220.6332773087761     
   9.9999999999999395E-002
 Found a better point
   3.4924679216308308     
  -1.2809018020209622     
   3.4020643846989795     
  -100.00000000000000     
  0.77736444001322824     
 -0.16703709376571174     
  0.72695190078435945     
  -100.00000000000000     
   2.8557070068201429     
 -0.30414772928469547     
  0.19279603902868170     
  -4.2245787952879441     
   2.0085443352180126     
   0.0000000000000000     
  0.65999999999999659     
  -1.1174947077151669     
  -20.000000000000000     
   0.0000000000000000     
   0.0000000000000000     
  -1.2209985945425617     
  -1.6000000000001364     
   7196.7071095896026     
   8452.2351208944001     
  -544.49835931738323     
  -1451.4685608295431     
  -4.2151603034094371     
  -5.6907090607856494     
  -4.4032946803229951     
  -15.333722669641929     
  -5.1679571108315940     
  -13.147284442930562     
  -2.6272370151332054     
  -3855.2034645535959     
   0.0000000000000000     
  -1859.3763898138905     
  -450.19546999426302     
   5710.5314256293896     
  -141.03278080571690     
   115.02250891561287     
   2346.3343392748939     
  -915.57678257538316     
   6.7531727830009575E-003
  -8.1820349719528229E-002
   0.0000000000000000     
  -6.4940941840861494E-002
 -0.18742660413331380     
  -5.0991286574749023E-002
  -7.0346206648001952E-002
 -0.17556057532730629     
   6.2523684229104551E-002
 -0.72686026969986972     
  -2.8478622967720670     
   1.3818872833964801     
  0.25788763653253527     
  0.10979595765422649     
  0.17519610864516527     
   4.5962574606459194E-002
  -9.5432914767356131E-002
  -9.1955400053237574E-002
   8.8011357460184708E-003
   1.1866075626771611E-002
  0.15000505831207042     
 -0.25401086560276237     
  -3.0785790437458771     
   1.3818872833964801     
  -1.2257761464402668     
  -1.5108443205281208     
   4219.1088087316102     
   3303.0735096340532     
   0.0000000000000000     
   0.0000000000000000     
   9.1247830112163317     
   8.8117661027470096     
   0.0000000000000000     
   9.9999999999999423E-002
  0.90608857726683389     
   1.2468902693384565     
   9.0693334931464467     
   8.9319886970417226     
  -120.66055703862625     
   9.9999999999999423E-002
   1.1983186870441420     
   1.2066055703862610     
   9.2413914391678134     
   8.9893193331856249     
  -461.68998647791841     
   9.9999999999999423E-002
  -3.3273365069099312     
  0.71161471691157385     
   9.3453961065031663     
   9.2398712117665553     
   8236.8500435415699     
   9.9999999999999423E-002
 Found a better point
   1.6016643003894537     
  -1.2688637253783548     
   3.8177742803482957     
  -100.00000000000000     
   1.1207807367930585     
  -1.0373303087643992     
  0.70069747561900275     
  -100.00000000000000     
   2.7627593008863083     
 -0.94706362097742924     
 -0.21889801876838838     
  -4.0556533830669990     
   2.0085443352180063     
   0.0000000000000000     
  0.65999999999999659     
  -1.4308191945247077     
  -20.000000000000000     
   0.0000000000000000     
   0.0000000000000000     
  -1.2209985945425652     
  -1.6000000000001364     
   6934.0741866292374     
   12313.325720993504     
  -463.56547695577257     
  -1451.4685608295404     
  -4.2151603034094336     
  -5.2004820981732900     
  -4.2523212742180068     
  -15.333722669641929     
  -5.1679571108315940     
  -13.365179261105450     
  -2.6381842873913466     
  -3855.2034645536060     
   0.0000000000000000     
  -1859.3763898138845     
  -450.19546999426166     
   5710.5314256294059     
  -141.03278080571741     
   115.02250891561287     
   2346.3343392749048     
  -915.57678257538635     
   6.9395235486338885E-002
  -1.5642026678413537E-002
   0.0000000000000000     
 -0.11669892907364712     
 -0.17666740579612983     
  -5.9912029308057405E-002
 -0.10912944371071193     
 -0.12053136960094601     
   1.3700168988056063E-002
 -0.76430179280398913     
  -2.7983054558611422     
   1.3818872833964801     
  0.22345101276078114     
   8.5326838948496381E-002
   9.9336582313617444E-002
   1.2113743451386161E-002
 -0.12854077255029392     
  -9.5024502150055937E-002
  -2.2279028108552743E-002
  -7.4011557311345316E-002
  0.13871763382675081     
 -0.24051124553724035     
  -3.1164830540237305     
   1.3818872833964801     
  -1.3567783989199094     
  -1.5154774573277978     
   3053.6641311926523     
   3225.7785728322151     
   0.0000000000000000     
   0.0000000000000000     
   9.1397994629835875     
   8.8246256618038625     
   0.0000000000000000     
   9.9999999999999700E-002
   1.1220196824016981     
  0.43166453743496058     
   9.0527880361870761     
   8.8868543662135071     
  -119.64307782760508     
   9.9999999999999700E-002
   1.0060836161557751     
   1.1683366168595177     
   9.2405356953577851     
   8.9521049559469237     
  -263.75319109849090     
   9.9999999999999700E-002
  0.49438341296466071     
   1.1452848860864682     
   9.3121674910512553     
   9.2460317040490274     
   7971.9112799283921     
   9.9999999999999700E-002
 Found a better point
   1.6016643003894537     
  -1.2688637253783548     
   3.8177742803482957     
  -100.00000000000000     
   1.1207807367930585     
  -1.0373303087643992     
  0.70069747561900275     
  -100.00000000000000     
   2.7627593008863083     
 -0.94706362097742924     
 -0.21889801876838838     
  -4.0556533830669990     
   2.0085443352180063     
   0.0000000000000000     
  0.65999999999999659     
  -1.4308191945247077     
  -20.000000000000000     
   0.0000000000000000     
   0.0000000000000000     
  -1.2209985945425652     
  -1.6000000000001364     
   6934.0741866292374     
   12313.325720993504     
  -463.56547695577257     
  -1451.4685608295404     
  -4.2151603034094336     
  -5.2004820981732900     
  -4.2523212742180068     
  -15.333722669641929     
  -5.1679571108315940     
  -13.365179261105450     
  -2.6381842873913466     
  -3855.2034645536060     
   0.0000000000000000     
  -1859.3763898138845     
  -450.19546999426166     
   5710.5314256294059     
  -141.03278080571741     
   115.02250891561287     
   2346.3343392749048     
  -915.57678257538635     
   6.9395235486338885E-002
  -1.5642026678413537E-002
   0.0000000000000000     
 -0.11669892907364712     
 -0.17666740579612983     
  -5.9912029308057405E-002
 -0.10912944371071193     
 -0.12053136960094601     
   1.3700168988056063E-002
 -0.76430179280398913     
  -2.7983054558611422     
   1.3818872833964801     
  0.22345101276078114     
   8.5326838948496381E-002
   9.9336582313617444E-002
   1.2113743451386161E-002
 -0.12854077255029392     
  -9.5024502150055937E-002
  -2.2279028108552743E-002
  -7.4011557311345316E-002
  0.13871763382675081     
 -0.24051124553724035     
  -3.1164830540237305     
   1.3818872833964801     
  -1.3567783989199094     
  -1.5154774573277978     
   3053.6641311926523     
   3225.7785728322151     
   0.0000000000000000     
   0.0000000000000000     
   9.1397994629835875     
   8.8246256618038625     
   0.0000000000000000     
   9.9999999999999700E-002
   1.1220196824016981     
  0.43166453743496058     
   9.0527880361870761     
   8.8868543662135071     
  -119.64307782760508     
   9.9999999999999700E-002
   1.0060836161557751     
   1.1683366168595177     
   9.2405356953577851     
   8.9521049559469237     
  -263.75319109849090     
   9.9999999999999700E-002
  0.49438341296466071     
   1.1452848860864682     
   9.3121674910512553     
   9.2460317040490274     
   7971.9112799283921     
   9.9999999999999700E-002
 Found a better point
   1.6016643003894537     
  -1.2688637253783548     
   3.8177742803482957     
  -100.00000000000000     
   1.1207807367930585     
  -1.0373303087643992     
  0.70069747561900275     
  -100.00000000000000     
   2.7627593008863083     
 -0.94706362097742924     
 -0.21889801876838838     
  -4.0556533830669990     
   2.0085443352180063     
   0.0000000000000000     
  0.65999999999999659     
  -1.4308191945247077     
  -20.000000000000000     
   0.0000000000000000     
   0.0000000000000000     
  -1.2209985945425652     
  -1.6000000000001364     
   6934.0741866292374     
   12313.325720993504     
  -463.56547695577257     
  -1451.4685608295404     
  -4.2151603034094336     
  -5.2004820981732900     
  -4.2523212742180068     
  -15.333722669641929     
  -5.1679571108315940     
  -13.365179261105450     
  -2.6381842873913466     
  -3855.2034645536060     
   0.0000000000000000     
  -1859.3763898138845     
  -450.19546999426166     
   5710.5314256294059     
  -141.03278080571741     
   115.02250891561287     
   2346.3343392749048     
  -915.57678257538635     
   6.9395235486338885E-002
  -1.5642026678413537E-002
   0.0000000000000000     
 -0.11669892907364712     
 -0.17666740579612983     
  -5.9912029308057405E-002
 -0.10912944371071193     
 -0.12053136960094601     
   1.3700168988056063E-002
 -0.76430179280398913     
  -2.7983054558611422     
   1.3818872833964801     
  0.22345101276078114     
   8.5326838948496381E-002
   9.9336582313617444E-002
   1.2113743451386161E-002
 -0.12854077255029392     
  -9.5024502150055937E-002
  -2.2279028108552743E-002
  -7.4011557311345316E-002
  0.13871763382675081     
 -0.24051124553724035     
  -3.1164830540237305     
   1.3818872833964801     
  -1.3567783989199094     
  -1.5154774573277978     
   3053.6641311926523     
   3225.7785728322151     
   0.0000000000000000     
   0.0000000000000000     
   9.1397994629835875     
   8.8246256618038625     
   0.0000000000000000     
   9.9999999999999700E-002
   1.1220196824016981     
  0.43166453743496058     
   9.0527880361870761     
   8.8868543662135071     
  -119.64307782760508     
   9.9999999999999700E-002
   1.0060836161557751     
   1.1683366168595177     
   9.2405356953577851     
   8.9521049559469237     
  -263.75319109849090     
   9.9999999999999700E-002
  0.49438341296466071     
   1.1452848860864682     
   9.3121674910512553     
   9.2460317040490274     
   7971.9112799283921     
   9.9999999999999700E-002
 Found a better point
   2.0270114577613518     
  -1.2267671855898787     
   3.7789354895478402     
  -100.00000000000000     
   1.0239286380318700     
  -1.2692705114607183     
  0.67780391916429039     
  -100.00000000000000     
   2.8757477311952697     
  -1.0389701629730674     
 -0.13606303365913253     
  -4.0466947996309353     
   2.0085443352180072     
   0.0000000000000000     
  0.65999999999999659     
  -1.4040842685928909     
  -20.000000000000000     
   0.0000000000000000     
   0.0000000000000000     
  -1.2209985945425657     
  -1.6000000000001364     
   6979.3555815581676     
   12250.445309876424     
  -463.52516588215173     
  -1451.4685608295399     
  -4.2151603034094336     
  -5.3137953690559323     
  -4.1907869393877597     
  -15.333722669641929     
  -5.1679571108315940     
  -13.386324978379246     
  -2.6282963162002031     
  -3855.2034645536060     
   0.0000000000000000     
  -1859.3763898138841     
  -450.19546999426154     
   5710.5314256294023     
  -141.03278080571747     
   115.02250891561287     
   2346.3343392749048     
  -915.57678257538612     
  0.11012611151052290     
   1.4473598017472215E-002
   0.0000000000000000     
  -9.6621712626087930E-002
 -0.19801688253050959     
  -5.3400669357833233E-002
 -0.10489444674929228     
 -0.13669949821222216     
  -4.6498080204046936E-003
 -0.74361594905602668     
  -2.7923234313784326     
   1.3818872833964801     
  0.21238458125592691     
   8.0349197430796881E-002
   7.6950768921985713E-002
   5.6242050054240156E-003
 -0.11508080469163470     
  -9.4758428880520343E-002
  -1.8222380031356920E-002
  -7.0376650722915962E-002
  0.16541992329633518     
 -0.24389154613819941     
  -3.1164335936124945     
   1.3818872833964801     
  -1.3296219781083378     
  -1.5172939886108223     
   3115.2370729337217     
   3187.0383325655139     
   0.0000000000000000     
   0.0000000000000000     
   9.1411038296597216     
   8.7763172810849692     
   0.0000000000000000     
   9.9999999999999645E-002
   1.1520037829303222     
  0.35643984874009194     
   9.0556166515291014     
   8.8855222564682119     
  -108.31909168704996     
   9.9999999999999645E-002
   1.0201471175315215     
   1.1393753610160862     
   9.2362136545524223     
   8.9575682126219665     
  -265.51965330013149     
   9.9999999999999645E-002
  0.47985480105627065     
   1.1793734521535177     
   9.3087494100954871     
   9.2353023589018584     
   7993.0718206418769     
   9.9999999999999645E-002
 Found a better point
   2.0234059277969547     
  -1.0967023612046414     
   3.0494582492394064     
  -100.00000000000000     
  0.72081565987749374     
  -1.4013367739965288     
   1.6417981504416643     
  -100.00000000000000     
   2.4098000408692353     
  -1.3960826718137280     
  -1.5344313760939920E-004
  -5.7874324205052954     
   2.0085443352180055     
   0.0000000000000000     
  0.65999999999999659     
  -1.2962356601378808     
  -20.000000000000000     
   0.0000000000000000     
   0.0000000000000000     
  -1.2209985945425643     
  -1.6000000000001364     
   6584.9080352527144     
   8984.8277852543051     
  -392.93021508655227     
  -1451.4685608295376     
  -4.2151603034094247     
  -5.5216083776388123     
  -3.8227866767763423     
  -15.333722669641929     
  -5.1679571108315940     
  -13.813796878512193     
  -2.5893414004567883     
  -3855.2034645536087     
   0.0000000000000000     
  -1859.3763898138877     
  -450.19546999426166     
   5710.5314256293932     
  -141.03278080571735     
   115.02250891561287     
   2346.3343392749048     
  -915.57678257538430     
  -6.3339151800444540E-003
  -1.8726747403103441E-002
   0.0000000000000000     
 -0.16422888829783613     
 -0.21434950361752209     
 -0.15520736607382724     
 -0.16513215429539146     
 -0.19548574747393160     
  -8.5832911335268422E-002
 -0.70919152984265910     
  -2.7439248500144999     
   1.3818872833964801     
  0.22578579057472886     
   5.6257336922321738E-002
   7.9240320056250396E-002
   2.3150538302814418E-002
 -0.11841422256551498     
  -2.5116813992242248E-003
   1.6063801850529812E-002
 -0.10025020966213770     
  0.14304249692598334     
 -0.21345675541511727     
  -3.1245656680377629     
   1.3818872833964801     
  -1.1795580919115913     
  -1.4668282140652085     
   3568.2306298962230     
   2750.3890841873099     
   0.0000000000000000     
   0.0000000000000000     
   9.0659873245644089     
   8.9145637199707313     
   0.0000000000000000     
   9.9999999999999561E-002
   1.0280926040242653     
   1.4856163335342765     
   9.1215201542454221     
   8.9256238479547338     
  -114.58715414864753     
   9.9999999999999561E-002
   1.1452795767595605     
   1.1698219792984865     
   9.2469682894758876     
   8.8722749075982978     
  -665.98667162071956     
   9.9999999999999561E-002
  0.22386405442096335     
  0.33022635632692954     
   9.5597282803246948     
   9.1961400118405194     
   8075.2802195354834     
   9.9999999999999561E-002
 Found a better point
   3.0243483982379153     
  -1.0101778909641062     
   2.9661296107358144     
  -100.00000000000000     
 -0.11777013489902299     
  -1.5683360397846737     
   1.4587414877552385     
  -100.00000000000000     
   2.7765606680296515     
 -0.61786741478535967     
  0.11042853594049862     
  -5.6542811596530376     
   2.0085443352180090     
   0.0000000000000000     
  0.65999999999999659     
  -1.2034891597778679     
  -20.000000000000000     
   0.0000000000000000     
   0.0000000000000000     
  -1.2209985945425643     
  -1.6000000000001364     
   7084.0938012738570     
   9132.2627350693601     
  -507.70922801991696     
  -1451.4685608295390     
  -4.2151603034094354     
  -5.9426753642973447     
  -4.3918303970261512     
  -15.333722669641929     
  -5.1679571108315940     
  -13.480672258190417     
  -2.6566356461058125     
  -3855.2034645536087     
   0.0000000000000000     
  -1859.3763898138864     
  -450.19546999426188     
   5710.5314256294023     
  -141.03278080571741     
   115.02250891561287     
   2346.3343392748993     
  -915.57678257538385     
   3.8554002812182894E-002
  -6.6261956276407408E-002
   0.0000000000000000     
 -0.10437102320909875     
 -0.18459185009233647     
 -0.12979976293131648     
 -0.16639853517977343     
 -0.21484684488302602     
  -2.6512209085452796E-002
 -0.71240647769244114     
  -2.7855745203864655     
   1.3818872833964801     
  0.21875413136600957     
  0.11829194982252358     
  0.14998745940531430     
   4.4341847911545045E-002
  -2.5971340753195987E-002
 -0.11029188267122866     
   5.8897227182595602E-002
  -1.7654054389024149E-002
  0.12955732123097852     
 -0.23259159634885984     
  -3.1412561779012287     
   1.3818872833964801     
  -1.2462651367825099     
  -1.4173595622308526     
   3867.6181303015883     
   2570.0465551253092     
   0.0000000000000000     
   0.0000000000000000     
   9.0497046531746594     
   8.7331099949706807     
   0.0000000000000000     
   9.9999999999999367E-002
   1.1523656147109294     
  0.29977894019474727     
   9.0918731634722132     
   8.8791252955018276     
  -128.97013875421916     
   9.9999999999999367E-002
   1.4377005570035721     
   1.1307143564927311     
   9.4864271124467194     
   8.9017004212958337     
  -629.49728534843280     
   9.9999999999999367E-002
  0.36882538757075189     
  0.45650170115031019     
   9.2703680687368504     
   9.2138801227338760     
   8098.0626776160971     
   9.9999999999999367E-002
 Found a better point
   3.0324705907463558     
  -1.1689230948328517     
   3.8301673582348759     
  -100.00000000000000     
  0.66005558526461494     
  -1.2245636343918673     
  0.97646835779299002     
  -100.00000000000000     
   3.2036037665544819     
  -1.0512430377126900     
  0.29498708278152230     
