   1.      emp,cur,m                     78.60               78.60        1.8417        1.8417        0.8197        0.8197
   1.      emp,cur,m                     78.60               78.60        1.8417        1.8417        0.8197        0.8197
   1.      emp,cur,m                     78.60               76.94        1.8417        3.8417        0.8197        0.9711
   2.      emp,cur,m                     78.60              103.47       -0.9479        1.0521        0.0504        0.2815
   3.      emp,of,m                      78.60               78.17        3.3414        5.3414        0.9658        0.9952
   5.      emp,cur,f                     78.60               90.04        0.2624        2.4624        0.4720        0.8897
   6.      emp,cur,f                     78.60               92.05       -0.7884        1.2116        0.1650        0.5936
   7.      emp,of,f                      78.60               73.50        0.4740        2.4740        0.6163        0.9223
   9.      u,cur,m                       78.60               78.06        2.2566        4.2566        0.8197        0.8197
  10.      u,of,m                        78.60               78.39        1.5000        3.5000        0.9658        0.9658
  11.      u,cur,f                       78.60               83.89       -0.7430        1.2570        0.4720        0.4720
  12.      u,of,f                        78.60               84.90        0.1000        2.1000        0.6163        0.6163
  15.      ro                            78.60               88.22        0.6600        1.1600        0.3185        0.5227
  16.      p(ex=1|ex=1),e                78.60               79.85       -2.4191       -1.4191        0.9183        0.8052
  20.      pkid                          78.60               82.07       -1.2210       -0.2210        0.2278        0.4450
  21.      pmeet                         78.60               81.35       -2.5000       -2.0000        0.0759        0.1192
  22.      uhome(1)                      78.60              101.54     6653.9687    16634.9217     6653.9687    16634.9217
  23.      uhome(2)                      78.60              129.44    10513.1128    26282.7819    10513.1128    26282.7819
  24.      ecst                          78.60               78.68     -483.8916    -1209.7290     -483.8916    -1209.7290
  26.      divpenalty                    78.60               78.45       -3.2152       -1.7152    -1929.9591    -7624.7799
  27.      alphaed(m,ned)                78.60               78.46       -5.3000      -10.6000      248.3400        1.2458
  28.      alphaed(f,ned)                78.60               78.55       -4.0000       -8.0000      899.3105       16.7675
  29.      alphaed(m,ed)                 78.60               78.49       -5.3000      -10.6000      248.3401        1.2458
  30.      alphaed(f,ed)                 78.60               78.11       -4.0000       -8.0000      899.3105       16.7675
  31.      alphakid(m)                   78.60               78.61      -13.5955       -8.5955        0.0623        9.2453
  32.      alphakid(f)                   78.60               79.78       -2.6747       -2.1747     3224.1153     5102.2356
  33.      uloc                          78.60               76.99    -3641.2401     1358.7599    -3641.2401     1358.7599
  35.      uloc                          78.60               75.59    -1645.4130     3354.5870    -1645.4130     3354.5870
  36.      uloc                          78.60               76.35     -236.2321     4763.7679     -236.2321     4763.7679
  37.      uloc                          78.60               83.56     3323.4806     8323.4806     3323.4806     8323.4806
  38.      uloc                          78.60               76.52       72.9306     5072.9306       72.9306     5072.9306
  39.      uloc                          78.60               76.38      328.9859     5328.9859      328.9859     5328.9859
  40.      uloc                          78.60               80.95     2500.1245     7500.1245     2500.1245     7500.1245
  41.      uloc                          78.60               76.11     -701.6134     4298.3866     -701.6134     4298.3866
