

   i   j  iter                                   q         q1(j)      pars     pars1           realpars          realpars1        step(j)       abs(q1(j)-q)
  64   1     2.      alf22                   90.10         98.15     -2.20     -6.16           0.299251           0.006323          -3.96               8.04
  64   2     3.      alf22                   90.10         97.80     -2.20     -5.72           0.299251           0.009807          -3.52               7.70
  64   3     4.      alf22                   90.10         97.46     -2.20     -5.28           0.299251           0.015200          -3.08               7.36
  64   4     5.      alf22                   90.10         96.41     -2.20     -4.84           0.299251           0.023535          -2.64               6.31
  64   5     6.      alf22                   90.10         95.43     -2.20     -4.40           0.299251           0.036385          -2.20               5.33
  64   6     7.      alf22                   90.10         94.08     -2.20     -3.96           0.299251           0.056120          -1.76               3.97
  64   7     8.      alf22                   90.10         92.49     -2.20     -3.52           0.299251           0.086245          -1.32               2.39
  64   8     9.      alf22                   90.10         91.30     -2.20     -3.08           0.299251           0.131819          -0.88               1.20
  64   9    10.      alf22                   90.10         90.29     -2.20     -2.64           0.299251           0.199824          -0.44               0.18
  64  10    11.      alf22                   90.10         90.10     -2.20     -2.20           0.299251           0.299251           0.00               0.00
  64  11    12.      alf22                   90.10         92.92     -2.20     -1.76           0.299251           0.440371           0.44               2.82
  64  12    13.      alf22                   90.10        101.81     -2.20     -1.32           0.299251           0.632455           0.88              11.70
  64  13    14.      alf22                   90.10        141.38     -2.20     -0.88           0.299251           0.879533           1.32              51.28
  64  14    15.      alf22                   90.10        230.00     -2.20     -0.44           0.299251           1.175223           1.76             139.89
  64  15    16.      alf22                   90.10        221.24     -2.20      0.00           0.299251           1.500000           2.20             131.14
  64  16    17.      alf22                   90.10        314.49     -2.20      0.44           0.299251           1.824777           2.64             224.39
  64  17    18.      alf22                   90.10        353.08     -2.20      0.88           0.299251           2.120467           3.08             262.97
  64  18    19.      alf22                   90.10        422.72     -2.20      1.32           0.299251           2.367545           3.52             332.62
  64  19    20.      alf22                   90.10        480.23     -2.20      1.76           0.299251           2.559629           3.96             390.13
  64  20    21.      alf22                   90.10        526.00     -2.20      2.20           0.299251           2.700749           4.40             435.89
first try      0       90.1038      525.9977       36.0415     0
first try      1       90.1038      525.9977       45.0519     0
first try      2       90.1038      525.9977       54.0623     0
first try      3       90.1038      525.9977       63.0726     0
first try      4       90.1038      525.9977       72.0830     0
first try      5       90.1038      525.9977       81.0934     0
second try      0       90.1038      525.9977      112.6297    12
and now it is done     12

lb,ub,q1min,q1max           36.0415      112.6297       90.1038      525.9977

    64    12       90.1038      101.8076       -2.2000        2.2000             0.2993             2.7007             0.8800            11.7038



   i   j  iter                                   q         q1(j)      pars     pars1           realpars          realpars1        step(j)       abs(q1(j)-q)
  66   1    22.      sig_wge                 90.10         90.32     -0.63     -1.75           0.348608           0.147989          -1.13               0.21
  66   2    23.      sig_wge                 90.10         90.01     -0.63     -1.63           0.348608           0.164458          -1.00               0.09
  66   3    24.      sig_wge                 90.10         89.20     -0.63     -1.50           0.348608           0.182367          -0.88               0.91
  66   4    25.      sig_wge                 90.10         88.67     -0.63     -1.38           0.348608           0.201755          -0.75               1.43
  66   5    26.      sig_wge                 90.10         88.21     -0.63     -1.25           0.348608           0.222643          -0.63               1.89
  66   6    27.      sig_wge                 90.10         87.96     -0.63     -1.13           0.348608           0.245030          -0.50               2.14
  66   7    28.      sig_wge                 90.10         87.59     -0.63     -1.00           0.348608           0.268890          -0.38               2.51
  66   8    29.      sig_wge                 90.10         87.82     -0.63     -0.88           0.348608           0.294167          -0.25               2.29
  66   9    30.      sig_wge                 90.10         88.69     -0.63     -0.75           0.348608           0.320778          -0.13               1.41
  66  10    31.      sig_wge                 90.10         90.10     -0.63     -0.63           0.348608           0.348608           0.00               0.00
  66  11    32.      sig_wge                 90.10         90.23     -0.63     -0.50           0.348608           0.377510           0.13               0.12
  66  12    33.      sig_wge                 90.10         91.32     -0.63     -0.38           0.348608           0.407310           0.25               1.21
  66  13    34.      sig_wge                 90.10         93.17     -0.63     -0.25           0.348608           0.437807           0.38               3.06
  66  14    35.      sig_wge                 90.10         95.38     -0.63     -0.13           0.348608           0.468782           0.50               5.28
  66  15    36.      sig_wge                 90.10         97.99     -0.63     -0.00           0.348608           0.500000           0.63               7.89
  66  16    37.      sig_wge                 90.10        101.25     -0.63      0.13           0.348608           0.531218           0.75              11.15
  66  17    38.      sig_wge                 90.10        104.21     -0.63      0.25           0.348608           0.562193           0.88              14.10
  66  18    39.      sig_wge                 90.10        108.43     -0.63      0.38           0.348608           0.592690           1.00              18.32
  66  19    40.      sig_wge                 90.10        112.32     -0.63      0.50           0.348608           0.622490           1.13              22.21
  66  20    41.      sig_wge                 90.10        116.41     -0.63      0.63           0.348608           0.651392           1.25              26.30
first try      0       87.5927      116.4066       36.0415     0
first try      1       87.5927      116.4066       45.0519     0
first try      2       87.5927      116.4066       54.0623     0
first try      3       87.5927      116.4066       63.0726     0
first try      4       87.5927      116.4066       72.0830     0
first try      5       87.5927      116.4066       81.0934     0
second try      0       87.5927      116.4066      112.6297    19
and now it is done     19

lb,ub,q1min,q1max           36.0415      112.6297       87.5927      116.4066

    66    19       90.1038      112.3156       -0.6252        0.6252             0.3486             0.6514             1.1253            22.2118



   i   j  iter                                   q         q1(j)      pars     pars1           realpars          realpars1        step(j)       abs(q1(j)-q)
  67   1    42.      sig_wge                 90.10         94.63     -0.88     -2.47           0.292846           0.078097          -1.59               4.52
  67   2    43.      sig_wge                 90.10         94.02     -0.88     -2.29           0.292846           0.091774          -1.41               3.92
  67   3    44.      sig_wge                 90.10         93.53     -0.88     -2.12           0.292846           0.107566          -1.23               3.42
  67   4    45.      sig_wge                 90.10         92.71     -0.88     -1.94           0.292846           0.125700          -1.06               2.61
  67   5    46.      sig_wge                 90.10         91.70     -0.88     -1.76           0.292846           0.146390          -0.88               1.60
  67   6    47.      sig_wge                 90.10         90.40     -0.88     -1.59           0.292846           0.169823          -0.71               0.29
  67   7    48.      sig_wge                 90.10         89.17     -0.88     -1.41           0.292846           0.196145          -0.53               0.94
  67   8    49.      sig_wge                 90.10         88.27     -0.88     -1.23           0.292846           0.225440          -0.35               1.83
  67   9    50.      sig_wge                 90.10         88.62     -0.88     -1.06           0.292846           0.257707          -0.18               1.49
  67  10    51.      sig_wge                 90.10         90.10     -0.88     -0.88           0.292846           0.292846           0.00               0.00
  67  11    52.      sig_wge                 90.10         93.50     -0.88     -0.71           0.292846           0.330642           0.18               3.40
  67  12    53.      sig_wge                 90.10         99.59     -0.88     -0.53           0.292846           0.370759           0.35               9.48
  67  13    54.      sig_wge                 90.10        106.67     -0.88     -0.35           0.292846           0.412742           0.53              16.57
  67  14    55.      sig_wge                 90.10        119.22     -0.88     -0.18           0.292846           0.456034           0.71              29.11
  67  15    56.      sig_wge                 90.10        135.11     -0.88      0.00           0.292846           0.500000           0.88              45.01
  67  16    57.      sig_wge                 90.10        164.39     -0.88      0.18           0.292846           0.543966           1.06              74.28
  67  17    58.      sig_wge                 90.10        216.99     -0.88      0.35           0.292846           0.587258           1.23             126.88
  67  18    59.      sig_wge                 90.10        257.01     -0.88      0.53           0.292846           0.629241           1.41             166.90
  67  19    60.      sig_wge                 90.10        272.12     -0.88      0.71           0.292846           0.669358           1.59             182.01
  67  20    61.      sig_wge                 90.10        284.10     -0.88      0.88           0.292846           0.707154           1.76             194.00
first try      0       88.2706      284.0997       36.0415     0
first try      1       88.2706      284.0997       45.0519     0
first try      2       88.2706      284.0997       54.0623     0
first try      3       88.2706      284.0997       63.0726     0
first try      4       88.2706      284.0997       72.0830     0
first try      5       88.2706      284.0997       81.0934     0
second try      0       88.2706      284.0997      112.6297    13
and now it is done     13

lb,ub,q1min,q1max           36.0415      112.6297       88.2706      284.0997

    67    13       90.1038      106.6688       -0.8816        0.8816             0.2928             0.7072             0.5290            16.5651



   i   j  iter                                   q         q1(j)      pars     pars1           realpars          realpars1        step(j)       abs(q1(j)-q)
  72   1    62.      alf1t                   90.10        125.93      8.89     -7.11           8.891441          -7.113153         -16.00              35.82
  72   2    63.      alf1t                   90.10        125.93      8.89     -5.33           8.891441          -5.334864         -14.23              35.82
  72   3    64.      alf1t                   90.10        125.93      8.89     -3.56           8.891441          -3.556577         -12.45              35.82
  72   4    65.      alf1t                   90.10        125.93      8.89     -1.78           8.891441          -1.778289         -10.67              35.82
  72   5    66.      alf1t                   90.10        125.44      8.89      0.00           8.891441           0.000000          -8.89              35.34
  72   6    67.      alf1t                   90.10        124.88      8.89      1.78           8.891441           1.778288          -7.11              34.78
  72   7    68.      alf1t                   90.10        125.07      8.89      3.56           8.891441           3.556576          -5.33              34.97
  72   8    69.      alf1t                   90.10        110.58      8.89      5.33           8.891441           5.334865          -3.56              20.48
  72   9    70.      alf1t                   90.10        103.74      8.89      7.11           8.891441           7.113153          -1.78              13.63
  72  10    71.      alf1t                   90.10         90.10      8.89      8.89           8.891441           8.891441           0.00               0.00
  72  11    72.      alf1t                   90.10        133.50      8.89     10.67           8.891441          10.669730           1.78              43.40
  72  12    73.      alf1t                   90.10        257.32      8.89     12.45           8.891441          12.448018           3.56             167.21
  72  13    74.      alf1t                   90.10        448.81      8.89     14.23           8.891441          14.226307           5.33             358.71
  72  14    75.      alf1t                   90.10        711.51      8.89     16.00           8.891441          16.004594           7.11             621.41
  72  15    76.      alf1t                   90.10       1043.40      8.89     17.78           8.891441          17.782883           8.89             953.29
  72  16    77.      alf1t                   90.10       1442.17      8.89     19.56           8.891441          19.561172          10.67            1352.07
  72  17    78.      alf1t                   90.10       1941.08      8.89     21.34           8.891441          21.339460          12.45            1850.98
  72  18    79.      alf1t                   90.10       2528.76      8.89     23.12           8.891441          23.117747          14.23            2438.66
  72  19    80.      alf1t                   90.10       3209.68      8.89     24.90           8.891441          24.896036          16.00            3119.58
  72  20    81.      alf1t                   90.10       3993.46      8.89     26.67           8.891441          26.674324          17.78            3903.36
first try      0       90.1038     3993.4648       36.0415     0
first try      1       90.1038     3993.4648       45.0519     0
first try      2       90.1038     3993.4648       54.0623     0
first try      3       90.1038     3993.4648       63.0726     0
first try      4       90.1038     3993.4648       72.0830     0
first try      5       90.1038     3993.4648       81.0934     0
second try      0       90.1038     3993.4648      112.6297     3
and now it is done      3

lb,ub,q1min,q1max           36.0415      112.6297       90.1038     3993.4648

    72     3       90.1038      110.5845        8.8914       26.6743             8.8914            26.6743            -3.5566            20.4808



   i   j  iter                                   q         q1(j)      pars     pars1           realpars          realpars1        step(j)       abs(q1(j)-q)
  73   1    82.      alf2t                   90.10        107.21      8.89     -7.11           8.891441          -7.113153         -16.00              17.11
  73   2    83.      alf2t                   90.10        107.21      8.89     -5.33           8.891441          -5.334864         -14.23              17.11
  73   3    84.      alf2t                   90.10        107.21      8.89     -3.56           8.891441          -3.556577         -12.45              17.11
  73   4    85.      alf2t                   90.10        107.21      8.89     -1.78           8.891441          -1.778289         -10.67              17.11
  73   5    86.      alf2t                   90.10        107.21      8.89      0.00           8.891441           0.000000          -8.89              17.11
  73   6    87.      alf2t                   90.10        107.21      8.89      1.78           8.891441           1.778288          -7.11              17.11
  73   7    88.      alf2t                   90.10        107.21      8.89      3.56           8.891441           3.556576          -5.33              17.11
  73   8    89.      alf2t                   90.10        107.26      8.89      5.33           8.891441           5.334865          -3.56              17.16
  73   9    90.      alf2t                   90.10        104.43      8.89      7.11           8.891441           7.113153          -1.78              14.32
  73  10    91.      alf2t                   90.10         90.10      8.89      8.89           8.891441           8.891441           0.00               0.00
  73  11    92.      alf2t                   90.10        200.59      8.89     10.67           8.891441          10.669730           1.78             110.49
  73  12    93.      alf2t                   90.10        547.00      8.89     12.45           8.891441          12.448018           3.56             456.90
  73  13    94.      alf2t                   90.10       1109.02      8.89     14.23           8.891441          14.226307           5.33            1018.92
  73  14    95.      alf2t                   90.10       1885.82      8.89     16.00           8.891441          16.004594           7.11            1795.72
  73  15    96.      alf2t                   90.10       2888.25      8.89     17.78           8.891441          17.782883           8.89            2798.15
  73  16    97.      alf2t                   90.10       4124.06      8.89     19.56           8.891441          19.561172          10.67            4033.96
  73  17    98.      alf2t                   90.10       5607.31      8.89     21.34           8.891441          21.339460          12.45            5517.20
  73  18    99.      alf2t                   90.10       7332.27      8.89     23.12           8.891441          23.117747          14.23            7242.17
  73  19   100.      alf2t                   90.10       9317.62      8.89     24.90           8.891441          24.896036          16.00            9227.52
  73  20   101.      alf2t                   90.10      11575.92      8.89     26.67           8.891441          26.674324          17.78           11485.82
first try      0       90.1038    11575.9219       36.0415     0
first try      1       90.1038    11575.9219       45.0519     0
first try      2       90.1038    11575.9219       54.0623     0
first try      3       90.1038    11575.9219       63.0726     0
first try      4       90.1038    11575.9219       72.0830     0
first try      5       90.1038    11575.9219       81.0934     0
second try      0       90.1038    11575.9219      112.6297    10
and now it is done     10

lb,ub,q1min,q1max           36.0415      112.6297       90.1038    11575.9219

    73    10       90.1038      107.2597        8.8914       26.6743             8.8914            26.6743            -3.5566            17.1560



   i   j  iter                                   q         q1(j)      pars     pars1           realpars          realpars1        step(j)       abs(q1(j)-q)
  74   1   102.      cst                     90.10         83.70 -10000.00 -28000.00      -10000.000000      -28000.000000      -18000.00               6.40
  74   2   103.      cst                     90.10         83.94 -10000.00 -26000.00      -10000.000000      -26000.000000      -16000.00               6.17
  74   3   104.      cst                     90.10         84.35 -10000.00 -24000.00      -10000.000000      -24000.000000      -14000.00               5.76
  74   4   105.      cst                     90.10         84.68 -10000.00 -22000.00      -10000.000000      -22000.000000      -12000.00               5.42
  74   5   106.      cst                     90.10         84.95 -10000.00 -20000.00      -10000.000000      -20000.000000      -10000.00               5.16
  74   6   107.      cst                     90.10         85.05 -10000.00 -18000.00      -10000.000000      -18000.000000       -8000.00               5.06
  74   7   108.      cst                     90.10         85.28 -10000.00 -16000.00      -10000.000000      -16000.000000       -6000.00               4.82
  74   8   109.      cst                     90.10         86.74 -10000.00 -14000.00      -10000.000000      -14000.000000       -4000.00               3.37
  74   9   110.      cst                     90.10         88.88 -10000.00 -12000.00      -10000.000000      -12000.000000       -2000.00               1.22
  74  10   111.      cst                     90.10         90.10 -10000.00 -10000.00      -10000.000000      -10000.000000           0.00               0.00
  74  11   112.      cst                     90.10         91.25 -10000.00  -8000.00      -10000.000000       -8000.000000        2000.00               1.15
  74  12   113.      cst                     90.10         93.58 -10000.00  -6000.00      -10000.000000       -6000.000000        4000.00               3.48
  74  13   114.      cst                     90.10         97.47 -10000.00  -4000.00      -10000.000000       -4000.000000        6000.00               7.37
  74  14   115.      cst                     90.10         99.79 -10000.00  -2000.00      -10000.000000       -2000.000000        8000.00               9.69
  74  15   116.      cst                     90.10        101.11 -10000.00      0.00      -10000.000000           0.000000       10000.00              11.00
  74  16   117.      cst                     90.10        102.89 -10000.00   2000.00      -10000.000000        2000.000000       12000.00              12.78
  74  17   118.      cst                     90.10        105.05 -10000.00   4000.00      -10000.000000        4000.000000       14000.00              14.94
  74  18   119.      cst                     90.10        109.76 -10000.00   6000.00      -10000.000000        6000.000000       16000.00              19.66
  74  19   120.      cst                     90.10        122.94 -10000.00   8000.00      -10000.000000        8000.000000       18000.00              32.84
  74  20   121.      cst                     90.10        133.01 -10000.00  10000.00      -10000.000000       10000.000000       20000.00              42.91
first try      0       83.7037      133.0091       36.0415     0
first try      1       83.7037      133.0091       45.0519     0
first try      2       83.7037      133.0091       54.0623     0
first try      3       83.7037      133.0091       63.0726     0
first try      4       83.7037      133.0091       72.0830     0
first try      5       83.7037      133.0091       81.0934     0
second try      0       83.7037      133.0091      112.6297    18
and now it is done     18

lb,ub,q1min,q1max           36.0415      112.6297       83.7037      133.0091

    74    18       90.1038      109.7613   -10000.0000    10000.0000        -10000.0000         10000.0000         16000.0000            19.6576



   i   j  iter                                   q         q1(j)      pars     pars1           realpars          realpars1        step(j)       abs(q1(j)-q)
  75   1   122.      mu_mar                  90.10         87.18      0.00     -0.00         124.999997         -99.999995          -0.00               2.93
  75   2   123.      mu_mar                  90.10         87.18      0.00     -0.00         124.999997         -74.999994          -0.00               2.93
  75   3   124.      mu_mar                  90.10         87.18      0.00     -0.00         124.999997         -49.999994          -0.00               2.93
  75   4   125.      mu_mar                  90.10         87.18      0.00     -0.00         124.999997         -25.000007          -0.00               2.93
  75   5   126.      mu_mar                  90.10         87.18      0.00     -0.00         124.999997          -0.000006          -0.00               2.93
  75   6   127.      mu_mar                  90.10         87.36      0.00      0.00         124.999997          25.000003          -0.00               2.74
  75   7   128.      mu_mar                  90.10         87.53      0.00      0.00         124.999997          49.999996          -0.00               2.57
  75   8   129.      mu_mar                  90.10         87.67      0.00      0.00         124.999997          75.000001          -0.00               2.43
  75   9   130.      mu_mar                  90.10         89.84      0.00      0.00         124.999997          99.999999          -0.00               0.26
  75  10   131.      mu_mar                  90.10         90.10      0.00      0.00         124.999997         124.999997           0.00               0.00
  75  11   132.      mu_mar                  90.10         90.45      0.00      0.00         124.999997         149.999995           0.00               0.35
  75  12   133.      mu_mar                  90.10         90.57      0.00      0.00         124.999997         174.999992           0.00               0.47
  75  13   134.      mu_mar                  90.10         90.66      0.00      0.00         124.999997         199.999993           0.00               0.55
  75  14   135.      mu_mar                  90.10         90.88      0.00      0.00         124.999997         224.999982           0.00               0.77
  75  15   136.      mu_mar                  90.10         91.19      0.00      0.00         124.999997         249.999985           0.00               1.09
  75  16   137.      mu_mar                  90.10         91.44      0.00      0.00         124.999997         274.999979           0.00               1.34
  75  17   138.      mu_mar                  90.10         91.76      0.00      0.00         124.999997         299.999958           0.00               1.66
  75  18   139.      mu_mar                  90.10         92.14      0.00      0.00         124.999997         324.999949           0.00               2.03
  75  19   140.      mu_mar                  90.10         92.33      0.00      0.00         124.999997         349.999939           0.00               2.22
  75  20   141.      mu_mar                  90.10         92.45      0.00      0.00         124.999997         374.999942           0.00               2.34
first try      0       87.1787       92.4460       36.0415     0
first try      1       87.1787       92.4460       45.0519     0
first try      2       87.1787       92.4460       54.0623     0
first try      3       87.1787       92.4460       63.0726     0
first try      4       87.1787       92.4460       72.0830     0
first try      5       87.1787       92.4460       81.0934     0
second try      0       87.1787       92.4460      112.6297    20
second try      1       87.1787       92.4460      103.6193    20
second try      2       87.1787       92.4460       94.6089    20
and now it is done     20

lb,ub,q1min,q1max           36.0415      112.6297       87.1787       92.4460

    75    20       90.1038       92.4460        0.0005        0.0015           125.0000           374.9999             0.0010             2.3422



   i   j  iter                                   q         q1(j)      pars     pars1           realpars          realpars1        step(j)       abs(q1(j)-q)
  76   1   142.      ptypehs                 90.10         90.76      0.13     -0.10           0.296321           0.249965          -0.23               0.66
  76   2   143.      ptypehs                 90.10         90.68      0.13     -0.08           0.296321           0.254870          -0.21               0.58
  76   3   144.      ptypehs                 90.10         90.62      0.13     -0.05           0.296321           0.259837          -0.18               0.51
  76   4   145.      ptypehs                 90.10         90.56      0.13     -0.03           0.296321           0.264867          -0.16               0.45
  76   5   146.      ptypehs                 90.10         90.45      0.13     -0.00           0.296321           0.269958          -0.13               0.34
  76   6   147.      ptypehs                 90.10         90.39      0.13      0.03           0.296321           0.275111          -0.10               0.29
  76   7   148.      ptypehs                 90.10         90.30      0.13      0.05           0.296321           0.280324          -0.08               0.19
  76   8   149.      ptypehs                 90.10         90.21      0.13      0.08           0.296321           0.285598          -0.05               0.10
  76   9   150.      ptypehs                 90.10         90.17      0.13      0.10           0.296321           0.290930          -0.03               0.06
  76  10   151.      ptypehs                 90.10         90.10      0.13      0.13           0.296321           0.296321           0.00               0.00
  76  11   152.      ptypehs                 90.10         90.07      0.13      0.16           0.296321           0.301769           0.03               0.03
  76  12   153.      ptypehs                 90.10         89.96      0.13      0.18           0.296321           0.307273           0.05               0.14
  76  13   154.      ptypehs                 90.10         89.94      0.13      0.21           0.296321           0.312833           0.08               0.17
  76  14   155.      ptypehs                 90.10         89.85      0.13      0.23           0.296321           0.318447           0.10               0.26
  76  15   156.      ptypehs                 90.10         89.80      0.13      0.26           0.296321           0.324115           0.13               0.30
  76  16   157.      ptypehs                 90.10         89.78      0.13      0.29           0.296321           0.329834           0.16               0.32
  76  17   158.      ptypehs                 90.10         89.70      0.13      0.31           0.296321           0.335605           0.18               0.40
  76  18   159.      ptypehs                 90.10         89.68      0.13      0.34           0.296321           0.341425           0.21               0.43
  76  19   160.      ptypehs                 90.10         89.64      0.13      0.36           0.296321           0.347293           0.23               0.46
  76  20   161.      ptypehs                 90.10         89.59      0.13      0.39           0.296321           0.353207           0.26               0.51
first try      0       89.5925       90.7635       36.0415     0
first try      1       89.5925       90.7635       45.0519     0
first try      2       89.5925       90.7635       54.0623     0
first try      3       89.5925       90.7635       63.0726     0
first try      4       89.5925       90.7635       72.0830     0
first try      5       89.5925       90.7635       81.0934     0
second try      0       89.5925       90.7635      112.6297    20
second try      1       89.5925       90.7635      103.6193    20
second try      2       89.5925       90.7635       94.6089    20
and now it is done     20

lb,ub,q1min,q1max           36.0415      112.6297       89.5925       90.7635

    76    20       90.1038       90.7635        0.1300        0.3899             0.2963             0.3532            -0.2339             0.6597



   i   j  iter                                   q         q1(j)      pars     pars1           realpars          realpars1        step(j)       abs(q1(j)-q)
  77   1   162.      ptypecol                90.10         90.16      0.13     -0.10           0.257856           0.215673          -0.23               0.06
  77   2   163.      ptypecol                90.10         90.13      0.13     -0.08           0.257856           0.220102          -0.21               0.03
  77   3   164.      ptypecol                90.10         90.17      0.13     -0.05           0.257856           0.224596          -0.18               0.07
  77   4   165.      ptypecol                90.10         90.17      0.13     -0.03           0.257856           0.229155          -0.16               0.06
  77   5   166.      ptypecol                90.10         90.15      0.13     -0.00           0.257856           0.233778          -0.13               0.05
