

   i   j  iter                                   q         q1(j)      pars     pars1           realpars          realpars1        step(j)       abs(q1(j)-q)
   1   1     2.      emp,cur,m               90.10        110.58      1.84     -1.47           0.819684           0.141738          -3.32              20.48
   1   2     3.      emp,cur,m               90.10        107.93      1.84     -1.11           0.819684           0.192697          -2.95              17.82
   1   3     4.      emp,cur,m               90.10        105.68      1.84     -0.74           0.819684           0.256501          -2.58              15.58
   1   4     5.      emp,cur,m               90.10        103.03      1.84     -0.37           0.819684           0.332725          -2.21              12.92
   1   5     6.      emp,cur,m               90.10        100.21      1.84      0.00           0.819684           0.418840          -1.84              10.11
   1   6     7.      emp,cur,m               90.10         96.97      1.84      0.37           0.819684           0.510202          -1.47               6.86
   1   7     8.      emp,cur,m               90.10         94.72      1.84      0.74           0.819684           0.600887          -1.11               4.61
   1   8     9.      emp,cur,m               90.10         92.48      1.84      1.11           0.819684           0.685143          -0.74               2.38
   1   9    10.      emp,cur,m               90.10         90.94      1.84      1.47           0.819684           0.758754          -0.37               0.84
   1  10    11.      emp,cur,m               90.10         90.10      1.84      1.84           0.819684           0.819684           0.00               0.00
   1  11    12.      emp,cur,m               90.10         89.89      1.84      2.21           0.819684           0.867904           0.37               0.21
   1  12    13.      emp,cur,m               90.10         89.78      1.84      2.58           0.819684           0.904728           0.74               0.33
   1  13    14.      emp,cur,m               90.10         88.91      1.84      2.95           0.819684           0.932090           1.11               1.20
   1  14    15.      emp,cur,m               90.10         89.28      1.84      3.32           0.819684           0.952011           1.47               0.82
   1  15    16.      emp,cur,m               90.10         89.17      1.84      3.68           0.819684           0.966299           1.84               0.94
   1  16    17.      emp,cur,m               90.10         88.79      1.84      4.05           0.819684           0.976439           2.21               1.31
   1  17    18.      emp,cur,m               90.10         88.65      1.84      4.42           0.819684           0.983579           2.58               1.45
   1  18    19.      emp,cur,m               90.10         88.44      1.84      4.79           0.819684           0.988581           2.95               1.66
   1  19    20.      emp,cur,m               90.10         88.49      1.84      5.16           0.819684           0.992072           3.32               1.61
   1  20    21.      emp,cur,m               90.10         88.73      1.84      5.53           0.819684           0.994501           3.68               1.37
first try      0       88.4402      110.5849       36.0415     0
first try      1       88.4402      110.5849       45.0519     0
first try      2       88.4402      110.5849       54.0623     0
first try      3       88.4402      110.5849       63.0726     0
first try      4       88.4402      110.5849       72.0830     0
first try      5       88.4402      110.5849       81.0934     0
second try      0       88.4402      110.5849      112.6297    20
second try      1       88.4402      110.5849      103.6193    17
and now it is done     17

lb,ub,q1min,q1max           36.0415      112.6297       88.4402      110.5849

     1    17       90.1038      103.0260        1.8417        5.5252             0.8197             0.9945            -2.2101            12.9222



   i   j  iter                                   q         q1(j)      pars     pars1           realpars          realpars1        step(j)       abs(q1(j)-q)
   2   1    22.      emp,cur,m               90.10         88.82     -0.95     -2.65           0.050363           0.009536          -1.71               1.28
   2   2    23.      emp,cur,m               90.10         89.14     -0.95     -2.46           0.050363           0.011504          -1.52               0.96
   2   3    24.      emp,cur,m               90.10         89.01     -0.95     -2.28           0.050363           0.013872          -1.33               1.09
   2   4    25.      emp,cur,m               90.10         88.91     -0.95     -2.09           0.050363           0.016719          -1.14               1.20
   2   5    26.      emp,cur,m               90.10         88.97     -0.95     -1.90           0.050363           0.020139          -0.95               1.13
   2   6    27.      emp,cur,m               90.10         89.13     -0.95     -1.71           0.050363           0.024241          -0.76               0.97
   2   7    28.      emp,cur,m               90.10         89.14     -0.95     -1.52           0.050363           0.029154          -0.57               0.97
   2   8    29.      emp,cur,m               90.10         89.17     -0.95     -1.33           0.050363           0.035027          -0.38               0.94
   2   9    30.      emp,cur,m               90.10         89.98     -0.95     -1.14           0.050363           0.042031          -0.19               0.13
   2  10    31.      emp,cur,m               90.10         90.10     -0.95     -0.95           0.050363           0.050363           0.00               0.00
   2  11    32.      emp,cur,m               90.10         90.47     -0.95     -0.76           0.050363           0.060243           0.19               0.37
   2  12    33.      emp,cur,m               90.10         90.96     -0.95     -0.57           0.050363           0.071914           0.38               0.85
   2  13    34.      emp,cur,m               90.10         91.86     -0.95     -0.38           0.050363           0.085640           0.57               1.76
   2  14    35.      emp,cur,m               90.10         92.44     -0.95     -0.19           0.050363           0.101699           0.76               2.33
   2  15    36.      emp,cur,m               90.10         94.32     -0.95      0.00           0.050363           0.120373           0.95               4.21
   2  16    37.      emp,cur,m               90.10         95.26     -0.95      0.19           0.050363           0.141934           1.14               5.15
   2  17    38.      emp,cur,m               90.10         97.29     -0.95      0.38           0.050363           0.166625           1.33               7.19
   2  18    39.      emp,cur,m               90.10         99.64     -0.95      0.57           0.050363           0.194638           1.52               9.53
   2  19    40.      emp,cur,m               90.10        102.78     -0.95      0.76           0.050363           0.226082           1.71              12.68
   2  20    41.      emp,cur,m               90.10        106.20     -0.95      0.95           0.050363           0.260961           1.90              16.10
first try      0       88.8215      106.2042       36.0415     0
first try      1       88.8215      106.2042       45.0519     0
first try      2       88.8215      106.2042       54.0623     0
first try      3       88.8215      106.2042       63.0726     0
first try      4       88.8215      106.2042       72.0830     0
first try      5       88.8215      106.2042       81.0934     0
second try      0       88.8215      106.2042      112.6297    20
second try      1       88.8215      106.2042      103.6193    19
and now it is done     19

lb,ub,q1min,q1max           36.0415      112.6297       88.8215      106.2042

     2    19       90.1038      102.7819       -0.9479        0.9479             0.0504             0.2610             1.7063            12.6781



   i   j  iter                                   q         q1(j)      pars     pars1           realpars          realpars1        step(j)       abs(q1(j)-q)
   3   1    42.      emp,of,m                90.10        162.08      3.34     -2.67           0.965823           0.064577          -6.01              71.97
   3   2    43.      emp,of,m                90.10        155.96      3.34     -2.00           0.965823           0.118694          -5.35              65.86
   3   3    44.      emp,of,m                90.10        146.20      3.34     -1.34           0.965823           0.208074          -4.68              56.10
   3   4    45.      emp,of,m                90.10        133.23      3.34     -0.67           0.965823           0.338881          -4.01              43.13
   3   5    46.      emp,of,m                90.10        119.71      3.34     -0.00           0.965823           0.500000          -3.34              29.61
   3   6    47.      emp,of,m                90.10        107.96      3.34      0.67           0.965823           0.661119          -2.67              17.85
   3   7    48.      emp,of,m                90.10         99.24      3.34      1.34           0.965823           0.791926          -2.00               9.14
   3   8    49.      emp,of,m                90.10         94.56      3.34      2.00           0.965823           0.881306          -1.34               4.45
   3   9    50.      emp,of,m                90.10         91.26      3.34      2.67           0.965823           0.935423          -0.67               1.16
   3  10    51.      emp,of,m                90.10         90.10      3.34      3.34           0.965823           0.965823           0.00               0.00
   3  11    52.      emp,of,m                90.10         89.07      3.34      4.01           0.965823           0.982185           0.67               1.04
   3  12    53.      emp,of,m                90.10         89.31      3.34      4.68           0.965823           0.990788           1.34               0.79
   3  13    54.      emp,of,m                90.10         89.02      3.34      5.35           0.965823           0.995257           2.00               1.09
   3  14    55.      emp,of,m                90.10         88.77      3.34      6.01           0.965823           0.997563           2.67               1.33
   3  15    56.      emp,of,m                90.10         88.77      3.34      6.68           0.965823           0.998749           3.34               1.33
   3  16    57.      emp,of,m                90.10         88.76      3.34      7.35           0.965823           0.999359           4.01               1.34
   3  17    58.      emp,of,m                90.10         88.71      3.34      8.02           0.965823           0.999671           4.68               1.40
   3  18    59.      emp,of,m                90.10         88.65      3.34      8.69           0.965823           0.999831           5.35               1.45
   3  19    60.      emp,of,m                90.10         88.66      3.34      9.36           0.965823           0.999914           6.01               1.44
   3  20    61.      emp,of,m                90.10         88.66      3.34     10.02           0.965823           0.999956           6.68               1.45
first try      0       88.6523      162.0763       36.0415     0
first try      1       88.6523      162.0763       45.0519     0
first try      2       88.6523      162.0763       54.0623     0
first try      3       88.6523      162.0763       63.0726     0
first try      4       88.6523      162.0763       72.0830     0
first try      5       88.6523      162.0763       81.0934     0
second try      0       88.6523      162.0763      112.6297    15
and now it is done     15

lb,ub,q1min,q1max           36.0415      112.6297       88.6523      162.0763

     3    15       90.1038      107.9579        3.3414       10.0243             0.9658             1.0000            -2.6731            17.8541



   i   j  iter                                   q         q1(j)      pars     pars1           realpars          realpars1        step(j)       abs(q1(j)-q)
   5   1    62.      emp,cur,f               90.10         91.55      0.26     -0.21           0.471951           0.357863          -0.47               1.45
   5   2    63.      emp,cur,f               90.10         91.76      0.26     -0.16           0.471951           0.370011          -0.42               1.66
   5   3    64.      emp,cur,f               90.10         91.33      0.26     -0.10           0.471951           0.382326          -0.37               1.22
   5   4    65.      emp,cur,f               90.10         90.97      0.26     -0.05           0.471951           0.394794          -0.31               0.86
   5   5    66.      emp,cur,f               90.10         90.77      0.26     -0.00           0.471951           0.407400          -0.26               0.67
   5   6    67.      emp,cur,f               90.10         90.65      0.26      0.05           0.471951           0.420129          -0.21               0.55
   5   7    68.      emp,cur,f               90.10         90.66      0.26      0.10           0.471951           0.432966          -0.16               0.56
   5   8    69.      emp,cur,f               90.10         90.80      0.26      0.16           0.471951           0.445893          -0.10               0.69
   5   9    70.      emp,cur,f               90.10         90.39      0.26      0.21           0.471951           0.458894          -0.05               0.28
   5  10    71.      emp,cur,f               90.10         90.10      0.26      0.26           0.471951           0.471951           0.00               0.00
   5  11    72.      emp,cur,f               90.10         89.94      0.26      0.31           0.471951           0.485046           0.05               0.16
   5  12    73.      emp,cur,f               90.10         90.06      0.26      0.37           0.471951           0.498162           0.10               0.05
   5  13    74.      emp,cur,f               90.10         89.53      0.26      0.42           0.471951           0.511281           0.16               0.57
   5  14    75.      emp,cur,f               90.10         89.55      0.26      0.47           0.471951           0.524384           0.21               0.56
   5  15    76.      emp,cur,f               90.10         89.61      0.26      0.52           0.471951           0.537453           0.26               0.50
   5  16    77.      emp,cur,f               90.10         89.56      0.26      0.58           0.471951           0.550471           0.31               0.54
   5  17    78.      emp,cur,f               90.10         89.54      0.26      0.63           0.471951           0.563421           0.37               0.56
   5  18    79.      emp,cur,f               90.10         89.32      0.26      0.68           0.471951           0.576284           0.42               0.79
   5  19    80.      emp,cur,f               90.10         89.40      0.26      0.73           0.471951           0.589045           0.47               0.71
   5  20    81.      emp,cur,f               90.10         89.15      0.26      0.79           0.471951           0.601688           0.52               0.95
first try      0       89.1522       91.7616       36.0415     0
first try      1       89.1522       91.7616       45.0519     0
first try      2       89.1522       91.7616       54.0623     0
first try      3       89.1522       91.7616       63.0726     0
first try      4       89.1522       91.7616       72.0830     0
first try      5       89.1522       91.7616       81.0934     0
second try      0       89.1522       91.7616      112.6297    20
second try      1       89.1522       91.7616      103.6193    20
second try      2       89.1522       91.7616       94.6089    20
and now it is done     20

lb,ub,q1min,q1max           36.0415      112.6297       89.1522       91.7616

     5    20       90.1038       91.7616        0.2624        0.7872             0.4720             0.6017            -0.4199             1.6579



   i   j  iter                                   q         q1(j)      pars     pars1           realpars          realpars1        step(j)       abs(q1(j)-q)
   6   1    82.      emp,cur,f               90.10         87.55     -0.79     -2.21           0.165027           0.045636          -1.42               2.56
   6   2    83.      emp,cur,f               90.10         87.50     -0.79     -2.05           0.165027           0.053017          -1.26               2.61
   6   3    84.      emp,cur,f               90.10         87.72     -0.79     -1.89           0.165027           0.061515          -1.10               2.39
   6   4    85.      emp,cur,f               90.10         87.64     -0.79     -1.73           0.165027           0.071271          -0.95               2.46
   6   5    86.      emp,cur,f               90.10         87.96     -0.79     -1.58           0.165027           0.082440          -0.79               2.14
   6   6    87.      emp,cur,f               90.10         88.42     -0.79     -1.42           0.165027           0.095179          -0.63               1.68
   6   7    88.      emp,cur,f               90.10         88.76     -0.79     -1.26           0.165027           0.109651          -0.47               1.34
   6   8    89.      emp,cur,f               90.10         88.99     -0.79     -1.10           0.165027           0.126018          -0.32               1.11
   6   9    90.      emp,cur,f               90.10         89.68     -0.79     -0.95           0.165027           0.144431          -0.16               0.42
   6  10    91.      emp,cur,f               90.10         90.10     -0.79     -0.79           0.165027           0.165027           0.00               0.00
   6  11    92.      emp,cur,f               90.10         90.49     -0.79     -0.63           0.165027           0.187914           0.16               0.39
   6  12    93.      emp,cur,f               90.10         91.04     -0.79     -0.47           0.165027           0.213165           0.32               0.94
   6  13    94.      emp,cur,f               90.10         91.44     -0.79     -0.32           0.165027           0.240804           0.47               1.34
   6  14    95.      emp,cur,f               90.10         92.34     -0.79     -0.16           0.165027           0.270792           0.63               2.24
   6  15    96.      emp,cur,f               90.10         93.68     -0.79     -0.00           0.165027           0.303025           0.79               3.57
   6  16    97.      emp,cur,f               90.10         94.71     -0.79      0.16           0.165027           0.337319           0.95               4.61
   6  17    98.      emp,cur,f               90.10         95.90     -0.79      0.32           0.165027           0.373416           1.10               5.80
   6  18    99.      emp,cur,f               90.10         97.29     -0.79      0.47           0.165027           0.410979           1.26               7.18
   6  19   100.      emp,cur,f               90.10         99.11     -0.79      0.63           0.165027           0.449610           1.42               9.01
   6  20   101.      emp,cur,f               90.10        100.93     -0.79      0.79           0.165027           0.488858           1.58              10.82
first try      0       87.4979      100.9254       36.0415     0
first try      1       87.4979      100.9254       45.0519     0
first try      2       87.4979      100.9254       54.0623     0
first try      3       87.4979      100.9254       63.0726     0
first try      4       87.4979      100.9254       72.0830     0
first try      5       87.4979      100.9254       81.0934     0
second try      0       87.4979      100.9254      112.6297    20
second try      1       87.4979      100.9254      103.6193    20
second try      2       87.4979      100.9254       94.6089    15
and now it is done     15

lb,ub,q1min,q1max           36.0415      112.6297       87.4979      100.9254

     6    15       90.1038       93.6770       -0.7884        0.7884             0.1650             0.4889             0.7884             3.5732



   i   j  iter                                   q         q1(j)      pars     pars1           realpars          realpars1        step(j)       abs(q1(j)-q)
   7   1   102.      emp,of,f                90.10        101.70      0.47     -0.38           0.616339           0.406313          -0.85              11.59
   7   2   103.      emp,of,f                90.10        100.27      0.47     -0.28           0.616339           0.429370          -0.76              10.16
   7   3   104.      emp,of,f                90.10         98.59      0.47     -0.19           0.616339           0.452738          -0.66               8.49
   7   4   105.      emp,of,f                90.10         97.17      0.47     -0.09           0.616339           0.476316          -0.57               7.07
   7   5   106.      emp,of,f                90.10         95.52      0.47     -0.00           0.616339           0.500000          -0.47               5.42
   7   6   107.      emp,of,f                90.10         94.56      0.47      0.09           0.616339           0.523684          -0.38               4.46
   7   7   108.      emp,of,f                90.10         93.26      0.47      0.19           0.616339           0.547262          -0.28               3.16
   7   8   109.      emp,of,f                90.10         91.78      0.47      0.28           0.616339           0.570630          -0.19               1.68
   7   9   110.      emp,of,f                90.10         91.01      0.47      0.38           0.616339           0.593687          -0.09               0.91
   7  10   111.      emp,of,f                90.10         90.10      0.47      0.47           0.616339           0.616339           0.00               0.00
   7  11   112.      emp,of,f                90.10         89.28      0.47      0.57           0.616339           0.638497           0.09               0.82
   7  12   113.      emp,of,f                90.10         88.30      0.47      0.66           0.616339           0.660080           0.19               1.80
   7  13   114.      emp,of,f                90.10         87.41      0.47      0.76           0.616339           0.681019           0.28               2.69
   7  14   115.      emp,of,f                90.10         86.58      0.47      0.85           0.616339           0.701252           0.38               3.52
   7  15   116.      emp,of,f                90.10         85.58      0.47      0.95           0.616339           0.720728           0.47               4.52
   7  16   117.      emp,of,f                90.10         85.04      0.47      1.04           0.616339           0.739406           0.57               5.07
   7  17   118.      emp,of,f                90.10         84.45      0.47      1.14           0.616339           0.757255           0.66               5.66
   7  18   119.      emp,of,f                90.10         84.01      0.47      1.23           0.616339           0.774255           0.76               6.10
   7  19   120.      emp,of,f                90.10         83.29      0.47      1.33           0.616339           0.790394           0.85               6.82
   7  20   121.      emp,of,f                90.10         83.02      0.47      1.42           0.616339           0.805669           0.95               7.09
first try      0       83.0156      101.6950       36.0415     0
first try      1       83.0156      101.6950       45.0519     0
first try      2       83.0156      101.6950       54.0623     0
first try      3       83.0156      101.6950       63.0726     0
first try      4       83.0156      101.6950       72.0830     0
first try      5       83.0156      101.6950       81.0934     0
second try      0       83.0156      101.6950      112.6297    20
second try      1       83.0156      101.6950      103.6193    20
second try      2       83.0156      101.6950       94.6089    15
and now it is done     15

lb,ub,q1min,q1max           36.0415      112.6297       83.0156      101.6950

     7    15       90.1038       94.5613        0.4740        1.4221             0.6163             0.8057            -0.3792             4.4575



   i   j  iter                                   q         q1(j)      pars     pars1           realpars          realpars1        step(j)       abs(q1(j)-q)
   9   1   122.      u,cur,m                 90.10         84.32      2.26     -1.81           0.905222           0.141206          -4.06               5.78
   9   2   123.      u,cur,m                 90.10         83.00      2.26     -1.35           0.905222           0.205220          -3.61               7.11
   9   3   124.      u,cur,m                 90.10         82.48      2.26     -0.90           0.905222           0.288505          -3.16               7.63
   9   4   125.      u,cur,m                 90.10         82.66      2.26     -0.45           0.905222           0.389045          -2.71               7.45
   9   5   126.      u,cur,m                 90.10         83.44      2.26     -0.00           0.905222           0.500000          -2.26               6.66
   9   6   127.      u,cur,m                 90.10         85.24      2.26      0.45           0.905222           0.610955          -1.81               4.86
   9   7   128.      u,cur,m                 90.10         86.71      2.26      0.90           0.905222           0.711495          -1.35               3.40
   9   8   129.      u,cur,m                 90.10         88.17      2.26      1.35           0.905222           0.794780          -0.90               1.94
   9   9   130.      u,cur,m                 90.10         89.36      2.26      1.81           0.905222           0.858794          -0.45               0.75
   9  10   131.      u,cur,m                 90.10         90.10      2.26      2.26           0.905222           0.905222           0.00               0.00
   9  11   132.      u,cur,m                 90.10         90.36      2.26      2.71           0.905222           0.937495           0.45               0.25
   9  12   133.      u,cur,m                 90.10         90.69      2.26      3.16           0.905222           0.959273           0.90               0.58
   9  13   134.      u,cur,m                 90.10         90.92      2.26      3.61           0.905222           0.973677           1.35               0.82
   9  14   135.      u,cur,m                 90.10         91.35      2.26      4.06           0.905222           0.983076           1.81               1.25
   9  15   136.      u,cur,m                 90.10         91.54      2.26      4.51           0.905222           0.989156           2.26               1.44
   9  16   137.      u,cur,m                 90.10         91.55      2.26      4.96           0.905222           0.993068           2.71               1.45
   9  17   138.      u,cur,m                 90.10         91.53      2.26      5.42           0.905222           0.995574           3.16               1.43
   9  18   139.      u,cur,m                 90.10         91.48      2.26      5.87           0.905222           0.997177           3.61               1.38
   9  19   140.      u,cur,m                 90.10         91.46      2.26      6.32           0.905222           0.998201           4.06               1.36
   9  20   141.      u,cur,m                 90.10         91.45      2.26      6.77           0.905222           0.998854           4.51               1.35
first try      0       82.4784       91.5518       36.0415     0
first try      1       82.4784       91.5518       45.0519     0
first try      2       82.4784       91.5518       54.0623     0
first try      3       82.4784       91.5518       63.0726     0
first try      4       82.4784       91.5518       72.0830     0
first try      5       82.4784       91.5518       81.0934     0
second try      0       82.4784       91.5518      112.6297    20
second try      1       82.4784       91.5518      103.6193    20
second try      2       82.4784       91.5518       94.6089    20
and now it is done     20

lb,ub,q1min,q1max           36.0415      112.6297       82.4784       91.5518

     9    20       90.1038       91.5518        2.2566        6.7699             0.9052             0.9989             2.7080             1.4480



   i   j  iter                                   q         q1(j)      pars     pars1           realpars          realpars1        step(j)       abs(q1(j)-q)
  10   1   142.      u,of,m                  90.10         90.17      1.50     -1.20           0.817574           0.231475          -2.70               0.06
  10   2   143.      u,of,m                  90.10         89.51      1.50     -0.90           0.817574           0.289050          -2.40               0.59
  10   3   144.      u,of,m                  90.10         89.06      1.50     -0.60           0.817574           0.354344          -2.10               1.05
  10   4   145.      u,of,m                  90.10         89.10      1.50     -0.30           0.817574           0.425557          -1.80               1.01
  10   5   146.      u,of,m                  90.10         88.71      1.50      0.00           0.817574           0.500000          -1.50               1.39
  10   6   147.      u,of,m                  90.10         88.93      1.50      0.30           0.817574           0.574443          -1.20               1.17
  10   7   148.      u,of,m                  90.10         89.17      1.50      0.60           0.817574           0.645656          -0.90               0.93
  10   8   149.      u,of,m                  90.10         89.64      1.50      0.90           0.817574           0.710949          -0.60               0.46
  10   9   150.      u,of,m                  90.10         89.75      1.50      1.20           0.817574           0.768525          -0.30               0.36
  10  10   151.      u,of,m                  90.10         90.10      1.50      1.50           0.817574           0.817574           0.00               0.00
  10  11   152.      u,of,m                  90.10         90.21      1.50      1.80           0.817574           0.858149           0.30               0.11
  10  12   153.      u,of,m                  90.10         90.11      1.50      2.10           0.817574           0.890903           0.60               0.01
  10  13   154.      u,of,m                  90.10         90.44      1.50      2.40           0.817574           0.916827           0.90               0.34
  10  14   155.      u,of,m                  90.10         90.54      1.50      2.70           0.817574           0.937027           1.20               0.43
  10  15   156.      u,of,m                  90.10         90.98      1.50      3.00           0.817574           0.952574           1.50               0.87
  10  16   157.      u,of,m                  90.10         90.99      1.50      3.30           0.817574           0.964429           1.80               0.88
  10  17   158.      u,of,m                  90.10         91.12      1.50      3.60           0.817574           0.973403           2.10               1.02
  10  18   159.      u,of,m                  90.10         90.97      1.50      3.90           0.817574           0.980160           2.40               0.87
  10  19   160.      u,of,m                  90.10         91.12      1.50      4.20           0.817574           0.985226           2.70               1.01
  10  20   161.      u,of,m                  90.10         91.25      1.50      4.50           0.817574           0.989013           3.00               1.15
first try      0       88.7096       91.2550       36.0415     0
first try      1       88.7096       91.2550       45.0519     0
first try      2       88.7096       91.2550       54.0623     0
first try      3       88.7096       91.2550       63.0726     0
first try      4       88.7096       91.2550       72.0830     0
first try      5       88.7096       91.2550       81.0934     0
second try      0       88.7096       91.2550      112.6297    20
second try      1       88.7096       91.2550      103.6193    20
second try      2       88.7096       91.2550       94.6089    20
and now it is done     20

lb,ub,q1min,q1max           36.0415      112.6297       88.7096       91.2550

    10    20       90.1038       91.2550        1.5000        4.5000             0.8176             0.9890             3.0000             1.1512



   i   j  iter                                   q         q1(j)      pars     pars1           realpars          realpars1        step(j)       abs(q1(j)-q)
  11   1   162.      u,cur,f                 90.10        112.08     -0.74     -2.08           0.322347           0.111015          -1.34              21.98
  11   2   163.      u,cur,f                 90.10        109.59     -0.74     -1.93           0.322347           0.126550          -1.19              19.49
