   1.7561575645821090     
  -1.0335072663955156     
   3.2558488481847743     
  -100.00000000000000     
  0.16826508361603992     
 -0.85056202280103210     
  0.38845185134866950     
  -100.00000000000000     
   2.1710530681489852     
  -1.3234576619243201     
 -0.82859107324081294     
  -2.8073128289054496     
   2.0085443352180001     
   0.0000000000000000     
  0.65999999999999659     
  -1.2619110458092917     
  -20.000000000000000     
   0.0000000000000000     
   0.0000000000000000     
  -1.2209985945425652     
  -1.6000000000001364     
   6773.3357358631420     
   8433.5198771659689     
  -454.70457591690950     
  -1451.4685608295381     
  -4.2151603034094123     
  -5.0131435747638884     
  -3.8821647262603562     
  -15.333722669641929     
  -5.1679571108315940     
  -13.809439601527785     
  -2.6961055385953077     
  -3855.2034645536069     
   0.0000000000000000     
  -1859.3763898138805     
  -450.19546999426109     
   5710.5314256294168     
  -141.03278080571741     
   115.02250891561287     
   2346.3343392749148     
  -915.57678257538907     
   2.6436100266399965E-002
  -6.7278863238235342E-002
   0.0000000000000000     
 -0.13063379175798656     
 -0.15389976744790124     
 -0.11718662186195848     
 -0.13919460780282644     
 -0.16856024158001981     
  -9.2089690745081471E-003
 -0.76247962818801984     
  -2.8224591304942082     
   1.3818872833964801     
  0.19375187655620871     
   4.3579409184638644E-002
  0.10219846892323234     
  -2.2905948855628244E-002
  -5.7037580520170161E-002
  -1.9365675098173711E-002
  -5.7063864169665898E-002
  -5.9065122035757034E-002
   9.1105513225466561E-002
 -0.27137617431650501     
  -3.1199001578231438     
   1.3818872833964801     
  -1.3751014430797857     
  -1.3682484842005496     
   3440.0899684288588     
   2754.4177369820118     
   0.0000000000000000     
   0.0000000000000000     
   8.9561493347705472     
   8.8351714444094043     
   0.0000000000000000     
   1.5000000000000083E-003
  0.48683025837547123     
 -0.40249321300805718     
   9.5771794885090582     
   9.2137802023311046     
  -1.7291942805278309     
  0.29999999999998644     
  0.40931448061133580     
  -1.6048995255451341E-002
   8.9088733768036263     
   8.6502136776059935     
  -1.9395719008439385     
  0.29999999999998644     
  0.44119100885457735     
   4.1395692112993654E-002
   9.5577472064364919     
   9.1554728200628954     
  -1.8109654533287931     
  0.29999999999998644     
