   1.7504617465246342     
 -0.63664738619679062     
   4.2190983329486729     
  -100.00000000000000     
  0.69362174422981682     
 -0.51833668421547596     
  0.26287614497944295     
  -100.00000000000000     
   2.4919341090835410     
  -1.3490300458987172     
 -0.90318056870939756     
  -2.5172669510872185     
   2.0085443352180254     
   0.0000000000000000     
  0.65999999999999659     
  -1.7648302842212715     
  -20.000000000000000     
   0.0000000000000000     
   0.0000000000000000     
  -1.2209985945425990     
  -1.6000000000001364     
   7290.4925930258869     
   7752.4826124189576     
  -552.93874466333386     
  -1469.2829232893298     
  -4.2151603034093821     
  -5.5309629427046874     
  -3.6594894432448299     
  -15.333722669641929     
  -5.1679571108314768     
  -17.122796445350097     
  -2.9708360609731885     
  -1565.1086788156549     
   0.0000000000000000     
  -1786.1062888821098     
  -396.26447393496710     
   4371.1093858571039     
  -168.88383468952532     
   84.426981353882411     
   2108.1740539750344     
  -1096.5676781438763     
   3.5138845048786435E-002
  -4.6841796759833562E-002
   0.0000000000000000     
  -8.9057278858372405E-002
  -7.6046714583346858E-002
 -0.12608752969097095     
 -0.10617278020184717     
 -0.13533016167554357     
  -3.7703991881538716E-002
 -0.74244308647656820     
  -2.7030276470410639     
   1.3818872833964801     
  0.15375069369760924     
   7.2877885174150767E-002
   4.9716478024357205E-002
  -5.7940916700706099E-002
   1.8917046848560576E-002
  -5.2549187553822069E-002
  -5.2274265452689442E-002
  -8.1880857728112641E-002
   6.2268876695908075E-002
 -0.31560796206703606     
  -3.1262721911245430     
   1.3818872833964801     
  -1.2948073085424778     
  -1.2196188588235586     
   4728.4473700584949     
   3288.0438292823274     
   0.0000000000000000     
   0.0000000000000000     
   8.9064793124782078     
   8.7541039192587426     
   0.0000000000000000     
   1.4999999999999940E-003
  0.48683025837548799     
 -0.40249321300805718     
   9.6780266994795898     
   9.2417239738031203     
  -5.6223301281548004     
  0.29999999999998644     
  0.40931448061133580     
  -1.6048995255451341E-002
   8.9363828837892818     
   8.6741959914011399     
  -1.6315229863649048     
  0.29999999999998644     
  0.44119100885457735     
   4.1395692112993654E-002
   9.6252036676522046     
   9.1494707807227549     
  -2.9502826154686792     
  0.29999999999998644     
