  iter  itm1               parname  kk  ka    pars(kk)  pars1(kk)  realp(kk) realp1(kk)     step   dtheta      val     val1
     3     2       uhomet 1         14   1    6909.49   13818.98    6909.49   13818.98  6909.49  6909.49    47.76    48.54
     4     3       uhomet 2         15   2    3449.62    6899.25    3449.62    6899.25  3449.62  3449.62    47.76    47.67
     5     4       uhomet 3         24   3    6107.24    9160.85    6107.24    9160.85  3053.62  3053.62    47.76    47.44
     6     5       uhomet 4         65   4    7089.28   14178.56    7089.28   14178.56  7089.28  7089.28    47.76    47.72
     7     6       sig_wge          66   5      -1.06      -0.06       0.26       0.48     1.00     0.23    47.76    56.54
     8     7       sig_wge          67   6      -1.22      -0.22       0.23       0.45     1.00     0.22    47.76    53.12
 standard errors:
uhomet 1         6909.48989  6909.48989 13818.97978 13818.97978  6909.48989  6909.48989    (  1190.39295)
uhomet 2         3449.62420  3449.62420  6899.24840  6899.24840  3449.62420  3449.62420    (  1460.92119)
uhomet 3         6107.23527  6107.23527  9160.85291  9160.85291  3053.61764  6107.23527    (   835.70528)
uhomet 4         7089.28106  7089.28106 14178.56211 14178.56211  7089.28106  7089.28106    (  3402.76202)
sig_wge            -1.06415     0.25652    -0.06415     0.48397     0.22745     0.25652    (     0.00478)
sig_wge            -1.21855     0.22819    -0.21855     0.44558     0.21739     0.22819    (     0.00676)
 D
   1    -0.00000    -0.00000    -0.00001    -0.00000     0.04309     0.00000   -99.00000   -99.00000
   2    -0.00000    -0.00000    -0.00001    -0.00000     0.04644     0.00000   -99.00000   -99.00000
   3    -0.00000    -0.00000    -0.00000    -0.00000     0.04646     0.00000   -99.00000   -99.00000
   4    -0.00000    -0.00000    -0.00000    -0.00000     0.05382     0.00000   -99.00000   -99.00000
   5    -0.00001    -0.00000    -0.00000    -0.00000     0.05316     0.00000   -99.00000   -99.00000
   6    -0.00000    -0.00000    -0.00000    -0.00000     0.05647     0.00000   -99.00000   -99.00000
   7    -0.00000    -0.00000    -0.00000    -0.00000     0.05128     0.00000   -99.00000   -99.00000
   8    -0.00000    -0.00000    -0.00000    -0.00000     0.04062     0.00000   -99.00000   -99.00000
   9    -0.00000    -0.00000    -0.00000    -0.00000     0.02523     0.00000   -99.00000   -99.00000
  10    -0.00000    -0.00000    -0.00000    -0.00000     0.01252     0.00000   -99.00000   -99.00000
  11    -0.00000    -0.00000    -0.00000    -0.00000     0.00276     0.00000   -99.00000   -99.00000
  12    -0.00000    -0.00000    -0.00000    -0.00000    -0.00094     0.00000   -99.00000   -99.00000
  13    -0.00000    -0.00000    -0.00000    -0.00000    -0.00041     0.00000   -99.00000   -99.00000
  14    -0.00000    -0.00000    -0.00000    -0.00000    -0.01129     0.00000   -99.00000   -99.00000
  15    -0.00000    -0.00000    -0.00000    -0.00000     0.00078     0.00000   -99.00000   -99.00000
  16    -0.00000    -0.00000    -0.00000    -0.00000     0.01118     0.00000   -99.00000   -99.00000
  17    -0.00000    -0.00000    -0.00000    -0.00000     0.00134     0.00000   -99.00000   -99.00000
  18    -0.00000    -0.00000    -0.00000    -0.00000    -0.00866     0.00000   -99.00000   -99.00000
  19    -0.00000    -0.00000    -0.00000    -0.00000     0.00896     0.00000   -99.00000   -99.00000
  20     0.00000     0.00000     0.00000     0.00000     0.00000     0.00000   -99.00000   -99.00000
  21     0.00000     0.00000     0.00000     0.00000    -0.00793     0.00000   -99.00000   -99.00000
  22    -0.00000    -0.00000    -0.00000    -0.00000     0.04237     0.00000   -99.00000   -99.00000
  23    -0.00000     0.00000     0.00000     0.00000     0.12318     0.00000   -99.00000   -99.00000
  24     0.00000     0.00000     0.00000     0.00000    -0.00071     0.00000   -99.00000   -99.00000
  25    -0.00000    -0.00000     0.00000    -0.00000     0.01091     0.00000   -99.00000   -99.00000
  26    -0.00001    -0.00000    -0.00000    -0.00000     0.08568     0.00000   -99.00000   -99.00000
  27    -0.00000    -0.00000    -0.00000    -0.00000     0.01739     0.00000   -99.00000   -99.00000
  28    -0.00000    -0.00000    -0.00000    -0.00000     0.05170     0.00000   -99.00000   -99.00000
  29    -0.00000    -0.00000    -0.00000    -0.00000     0.01695     0.00000   -99.00000   -99.00000
  30     0.00000     0.00000     0.00000     0.00000     0.00000     0.00000   -99.00000   -99.00000
  31     0.00000     0.00000     0.00000     0.00000     0.00000     0.00000   -99.00000   -99.00000
  32     0.00000     0.00000     0.00000     0.00000     0.00000     0.00000   -99.00000   -99.00000
  33     0.00000     0.00000     0.00000     0.00000     0.00000     0.00000   -99.00000   -99.00000
  34     0.00000     0.00000     0.00000     0.00000     0.00000     0.00000   -99.00000   -99.00000
  35     0.00000     0.00000     0.00000     0.00000     0.00000     0.00000   -99.00000   -99.00000
  36     0.00000     0.00000     0.00000     0.00000     0.00000     0.00000   -99.00000   -99.00000
  37     0.00000     0.00000     0.00000     0.00000     0.00000     0.00000   -99.00000   -99.00000
  38     0.00000     0.00000     0.00000     0.00000     1.24811     0.00000   -99.00000   -99.00000
  39    -0.00000     0.00000     0.00000    -0.00000     0.41256     0.00000   -99.00000   -99.00000
  40    -0.00000     0.00000     0.00000     0.00000     1.14713     0.00000   -99.00000   -99.00000
  41    -0.00000    -0.00000     0.00000    -0.00000     0.62579     0.00000   -99.00000   -99.00000
  42     0.00000     0.00000    -0.00001    -0.00000     0.52346     0.00000   -99.00000   -99.00000
  43    -0.00000    -0.00000     0.00000    -0.00000     0.55071     0.00000   -99.00000   -99.00000
  44    -0.00000    -0.00000    -0.00000    -0.00000     1.09449     0.00000   -99.00000   -99.00000
  45    -0.00000    -0.00000     0.00000    -0.00000     0.41570     0.00000   -99.00000   -99.00000
  46     0.00001    -0.00000    -0.00000     0.00000     0.65385     0.00000   -99.00000   -99.00000
  47    -0.00000    -0.00000     0.00001     0.00000     0.62229     0.00000   -99.00000   -99.00000
  48    -0.00000     0.00000    -0.00001    -0.00000     0.57040     0.00000   -99.00000   -99.00000
  49     0.00000     0.00000    -0.00001    -0.00000     0.50484     0.00000   -99.00000   -99.00000
  50    -0.00000    -0.00000     0.00000    -0.00000     0.10162     0.00000   -99.00000   -99.00000
  51    -0.00000    -0.00000    -0.00000     0.00000     0.81184     0.00000   -99.00000   -99.00000
  52    -0.00000    -0.00000     0.00000    -0.00000     0.21326     0.00000   -99.00000   -99.00000
  53    -0.00000    -0.00000     0.00000     0.00000     0.82499     0.00000   -99.00000   -99.00000
  54    -0.00000    -0.00000     0.00000     0.00000     0.31902     0.00000   -99.00000   -99.00000
  55    -0.00000    -0.00000     0.00000    -0.00000     0.55484     0.00000   -99.00000   -99.00000
  56    -0.00000    -0.00000     0.00000    -0.00000     0.75580     0.00000   -99.00000   -99.00000
  57    -0.00000    -0.00000     0.00000    -0.00000     0.92653     0.00000   -99.00000   -99.00000
  58    -0.00000    -0.00000     0.00000    -0.00000     1.01923     0.00000   -99.00000   -99.00000
  59    -0.00000    -0.00000     0.00000    -0.00000     1.12598     0.00000   -99.00000   -99.00000
  60    -0.00000    -0.00000     0.00000    -0.00000     1.18720     0.00000   -99.00000   -99.00000
  61    -0.00000    -0.00000     0.00000    -0.00000     1.24901     0.00000   -99.00000   -99.00000
  62    -0.00000    -0.00000     0.00000    -0.00000     1.31571     0.00000   -99.00000   -99.00000
  63    -0.00000    -0.00000     0.00000     0.00000     1.36141     0.00000   -99.00000   -99.00000
  64    -0.00000    -0.00000     0.00000     0.00000     1.42384     0.00000   -99.00000   -99.00000
  65    -0.00000    -0.00000     0.00000    -0.00000     1.45475     0.00000   -99.00000   -99.00000
  66    -0.00000    -0.00000     0.00000    -0.00000     1.45270     0.00000   -99.00000   -99.00000
  67    -0.00000    -0.00000     0.00000    -0.00000     1.46325     0.00000   -99.00000   -99.00000
  68    -0.00000    -0.00000     0.00000    -0.00000     1.52021     0.00000   -99.00000   -99.00000
  69     0.00000     0.00000     0.00000     0.00000     0.00000     0.00000   -99.00000   -99.00000
  70    -0.00000    -0.00000     0.00000    -0.00000     0.13583     0.00000   -99.00000   -99.00000
  71     0.00000     0.00000     0.00000     0.00000     0.07270     0.00000   -99.00000   -99.00000
  72     0.00000     0.00000     0.00000     0.00000     0.06097     0.00000   -99.00000   -99.00000
  73     0.00000    -0.00000     0.00000     0.00000     0.03413     0.00000   -99.00000   -99.00000
  74     0.00000     0.00000     0.00000     0.00000     0.01773     0.00000   -99.00000   -99.00000
  75     0.00000     0.00000    -0.00000     0.00000     0.01259     0.00000   -99.00000   -99.00000
  76     0.00000     0.00000    -0.00000     0.00000     0.00655     0.00000   -99.00000   -99.00000
  77    -0.00000     0.00000     0.00000     0.00000     0.01007     0.00000   -99.00000   -99.00000
  78     0.00000    -0.00000    -0.00000    -0.00000     0.00424     0.00000   -99.00000   -99.00000
  79     0.00000     0.00000     0.00000     0.00000    -0.00094     0.00000   -99.00000   -99.00000
  80     0.00000     0.00000     0.00000     0.00000    -0.00008     0.00000   -99.00000   -99.00000
  81     0.00000     0.00000     0.00000     0.00000     1.20276     0.00000   -99.00000   -99.00000
  82     0.00000     0.00000     0.00000    -0.00000     1.17159     0.00000   -99.00000   -99.00000
  83    -0.00000     0.00000     0.00000    -0.00000     1.34227     0.00000   -99.00000   -99.00000
  84     0.00000     0.00000     0.00000    -0.00000     1.06147     0.00000   -99.00000   -99.00000
  85    -0.00000     0.00000     0.00000    -0.00000     1.13363     0.00000   -99.00000   -99.00000
  86    -0.00000     0.00000     0.00000    -0.00000     1.01514     0.00000   -99.00000   -99.00000
  87     0.00000     0.00000    -0.00000    -0.00000     0.93127     0.00000   -99.00000   -99.00000
  88    -0.00000     0.00000     0.00000     0.00000     1.09026     0.00000   -99.00000   -99.00000
  89     0.00000    -0.00000     0.00000    -0.00000     0.90610     0.00000   -99.00000   -99.00000
  90    -0.00000     0.00000    -0.00000    -0.00000     0.89606     0.00000   -99.00000   -99.00000
  91     0.00000     0.00000     0.00001    -0.00000     0.93310     0.00000   -99.00000   -99.00000
  92    -0.00000    -0.00000    -0.00000    -0.00000     1.20478     0.00000   -99.00000   -99.00000
  93    -0.00000    -0.00000     0.00000     0.00000     0.75612     0.00000   -99.00000   -99.00000
  94    -0.00000    -0.00000    -0.00000    -0.00000     1.28284     0.00000   -99.00000   -99.00000
  95    -0.00000     0.00000     0.00000     0.00000     0.72724     0.00000   -99.00000   -99.00000
  96    -0.00000    -0.00000     0.00000    -0.00000     0.14851     0.00000   -99.00000   -99.00000
  97    -0.00000    -0.00000    -0.00000    -0.00000     1.26958     0.00000   -99.00000   -99.00000
  98    -0.00000    -0.00000    -0.00000    -0.00000     1.56366     0.00000   -99.00000   -99.00000
  99    -0.00000    -0.00000    -0.00000    -0.00000     1.66263     0.00000   -99.00000   -99.00000
 100     0.00000    -0.00000     0.00000     0.00000    -0.02727     0.00000   -99.00000   -99.00000
 101    -0.00000     0.00000     0.00000     0.00000    -0.04846     0.00000   -99.00000   -99.00000
 102     0.00000    -0.00000     0.00000    -0.00000    -0.22611     0.00000   -99.00000   -99.00000
 103     0.00000     0.00000     0.00000     0.00000    -0.13709     0.00000   -99.00000   -99.00000
 104     0.00000     0.00000    -0.00000    -0.00000    -1.21005     0.00000   -99.00000   -99.00000
 105    -0.00000    -0.00000     0.00000     0.00000    -0.03070     0.00000   -99.00000   -99.00000
 106    -0.00000     0.00000     0.00000     0.00000     0.37489     0.00000   -99.00000   -99.00000
 107     0.00000     0.00000     0.00000     0.00000     1.12429     0.00000   -99.00000   -99.00000
 108     0.00000     0.00000     0.00000     0.00000     0.10931     0.00000   -99.00000   -99.00000
 109     0.00000     0.00000     0.00000     0.00000     0.03094     0.00000   -99.00000   -99.00000
 110     0.00000     0.00000     0.00000     0.00000     0.05970     0.00000   -99.00000   -99.00000
 111    -0.00000     0.00000     0.00000     0.00000     1.14713     0.00000   -99.00000   -99.00000
 112     0.00000    -0.00000    -0.00000    -0.00000     1.00161     0.00000   -99.00000   -99.00000
 113     0.00000    -0.00000     0.00000     0.00000    -1.21932     0.00000   -99.00000   -99.00000
 114    -0.00000    -0.00000    -0.00000    -0.00000     1.49031     0.00000   -99.00000   -99.00000
 115     0.00000    -0.00000     0.00000     0.00000    -0.89247     0.00000   -99.00000   -99.00000
 116    -0.00000    -0.00000     0.00000     0.00000     1.40489     0.00000   -99.00000   -99.00000
 117    -0.00000    -0.00000    -0.00000    -0.00000     0.04237     0.00000   -99.00000   -99.00000
 118    -0.00000     0.00000     0.00000     0.00000     0.12318     0.00000   -99.00000   -99.00000
 119     0.00000     0.00000     0.00000     0.00000    -0.00071     0.00000   -99.00000   -99.00000
 120    -0.00000    -0.00000     0.00000    -0.00000     0.01091     0.00000   -99.00000   -99.00000
 121    -0.00000    -0.00000    -0.00000    -0.00000     0.08076     0.00000   -99.00000   -99.00000
 122    -0.00000    -0.00000    -0.00000    -0.00000     0.07419     0.00000   -99.00000   -99.00000
 123    -0.00000    -0.00000    -0.00000    -0.00000     0.02022     0.00000   -99.00000   -99.00000
 124    -0.00000    -0.00000    -0.00000    -0.00000     0.01670     0.00000   -99.00000   -99.00000
 125    -0.00000    -0.00000    -0.00000    -0.00000     0.02361     0.00000   -99.00000   -99.00000
 126     0.00000     0.00000     0.00000     0.00000     0.00000     0.00000   -99.00000   -99.00000
 127    -0.00000    -0.00000    -0.00000    -0.00000     0.04464     0.00000   -99.00000   -99.00000
 128    -0.00000    -0.00000    -0.00000    -0.00000     0.04902     0.00000   -99.00000   -99.00000
 129    -0.00000    -0.00000    -0.00000    -0.00000     0.04252     0.00000   -99.00000   -99.00000
 130    -0.00000    -0.00000    -0.00000    -0.00000     0.01408     0.00000   -99.00000   -99.00000
 131    -0.00000    -0.00000    -0.00000    -0.00000     0.04760     0.00000   -99.00000   -99.00000
 132    -0.00000    -0.00000    -0.00000    -0.00000     0.05268     0.00000   -99.00000   -99.00000
 133    -0.00000    -0.00000    -0.00000    -0.00000     0.04389     0.00000   -99.00000   -99.00000
 134    -0.00000    -0.00000    -0.00000    -0.00000     0.00433     0.00000   -99.00000   -99.00000
 135    -0.00000    -0.00000    -0.00000    -0.00000     0.00594     0.00000   -99.00000   -99.00000
 136    -0.00000    -0.00000    -0.00000    -0.00000     0.03914     0.00000   -99.00000   -99.00000
 137    -0.00000    -0.00000    -0.00000    -0.00000     0.01591     0.00000   -99.00000   -99.00000
 138    -0.00000    -0.00000    -0.00001    -0.00000     0.00000     0.01589   -99.00000   -99.00000
 139    -0.00000    -0.00000    -0.00000    -0.00000     0.00000     0.01873   -99.00000   -99.00000
 140    -0.00000    -0.00000    -0.00000    -0.00000     0.00000     0.01728   -99.00000   -99.00000
 141    -0.00000    -0.00000    -0.00000    -0.00000     0.00000     0.01520   -99.00000   -99.00000
 142    -0.00000    -0.00000    -0.00000    -0.00000     0.00000     0.01791   -99.00000   -99.00000
 143    -0.00000    -0.00000    -0.00000    -0.00000     0.00000     0.01164   -99.00000   -99.00000
 144    -0.00000    -0.00000    -0.00000    -0.00000     0.00000     0.00589   -99.00000   -99.00000
 145    -0.00000    -0.00000    -0.00000    -0.00000     0.00000    -0.00326   -99.00000   -99.00000
 146    -0.00000    -0.00000    -0.00000    -0.00000     0.00000    -0.00375   -99.00000   -99.00000
 147    -0.00000    -0.00000    -0.00000    -0.00000     0.00000    -0.00889   -99.00000   -99.00000
 148    -0.00000    -0.00000    -0.00000    -0.00000     0.00000    -0.00883   -99.00000   -99.00000
 149    -0.00000    -0.00000    -0.00000    -0.00000     0.00000    -0.01487   -99.00000   -99.00000
 150    -0.00000    -0.00000    -0.00000    -0.00000     0.00000    -0.01043   -99.00000   -99.00000
 151    -0.00000    -0.00000    -0.00000    -0.00000     0.00000    -0.01569   -99.00000   -99.00000
 152    -0.00000    -0.00000    -0.00000    -0.00000     0.00000    -0.01196   -99.00000   -99.00000
 153    -0.00000    -0.00000    -0.00000    -0.00000     0.00000    -0.01357   -99.00000   -99.00000
 154    -0.00000    -0.00000    -0.00000    -0.00000     0.00000    -0.00420   -99.00000   -99.00000
 155    -0.00000    -0.00000    -0.00000    -0.00000     0.00000     0.00877   -99.00000   -99.00000
 156    -0.00000    -0.00000    -0.00000    -0.00000     0.00000     0.01277   -99.00000   -99.00000
 157     0.00000     0.00000     0.00000     0.00000     0.00000     0.00000   -99.00000   -99.00000
 158     0.00000    -0.00000     0.00000     0.00000     0.00000     0.01493   -99.00000   -99.00000
 159    -0.00000    -0.00000    -0.00000    -0.00000     0.00000     0.02201   -99.00000   -99.00000
 160     0.00001    -0.00000    -0.00000     0.00000     0.00000     0.34105   -99.00000   -99.00000
 161     0.00000     0.00000     0.00000     0.00000     0.00000    -0.00220   -99.00000   -99.00000
 162     0.00000    -0.00000    -0.00000     0.00000     0.00000     0.20771   -99.00000   -99.00000
 163    -0.00000    -0.00000    -0.00000    -0.00000     0.00000     0.00685   -99.00000   -99.00000
 164    -0.00000    -0.00000    -0.00000    -0.00000     0.00000    -0.00375   -99.00000   -99.00000
 165    -0.00000    -0.00000    -0.00000    -0.00000     0.00000     0.01126   -99.00000   -99.00000
 166    -0.00000    -0.00000    -0.00000    -0.00000     0.00000    -0.00368   -99.00000   -99.00000
 167     0.00000     0.00000     0.00000     0.00000     0.00000     0.00000   -99.00000   -99.00000
 168     0.00000     0.00000     0.00000     0.00000     0.00000     0.00000   -99.00000   -99.00000
 169     0.00000     0.00000     0.00000     0.00000     0.00000     0.00000   -99.00000   -99.00000
 170     0.00000     0.00000     0.00000     0.00000     0.00000     0.00000   -99.00000   -99.00000
 171     0.00000     0.00000     0.00000     0.00000     0.00000     0.00000   -99.00000   -99.00000
 172     0.00000     0.00000     0.00000     0.00000     0.00000     0.00000   -99.00000   -99.00000
 173     0.00000     0.00000     0.00000     0.00000     0.00000     0.00000   -99.00000   -99.00000
 174     0.00000     0.00000     0.00000     0.00000     0.00000     0.00000   -99.00000   -99.00000
 175     0.00000     0.00000     0.00000     0.00000     0.00000     1.14036   -99.00000   -99.00000
 176    -0.00000    -0.00000    -0.00000    -0.00000     0.00000     0.55413   -99.00000   -99.00000
 177     0.00000     0.00000    -0.00000     0.00000     0.00000     1.08077   -99.00000   -99.00000
 178     0.00000    -0.00000    -0.00000     0.00000     0.00000     0.35368   -99.00000   -99.00000
 179    -0.00001     0.00000     0.00001    -0.00000     0.00000     0.44815   -99.00000   -99.00000
 180     0.00000     0.00000    -0.00001     0.00000     0.00000     0.30948   -99.00000   -99.00000
 181    -0.00000     0.00000     0.00000    -0.00000     0.00000     0.72551   -99.00000   -99.00000
 182     0.00000     0.00000    -0.00000     0.00000     0.00000     0.30443   -99.00000   -99.00000
 183    -0.00001    -0.00000     0.00000    -0.00000     0.00000     0.32476   -99.00000   -99.00000
 184     0.00000     0.00000    -0.00000     0.00000     0.00000     0.37065   -99.00000   -99.00000
 185    -0.00000    -0.00000     0.00000    -0.00000     0.00000     0.35173   -99.00000   -99.00000
 186    -0.00000    -0.00000     0.00000    -0.00000     0.00000     0.35443   -99.00000   -99.00000
 187     0.00000     0.00000    -0.00000     0.00000     0.00000     0.05753   -99.00000   -99.00000
 188    -0.00000     0.00000    -0.00000     0.00000     0.00000     0.65060   -99.00000   -99.00000
 189     0.00000     0.00000    -0.00000     0.00000     0.00000     0.13271   -99.00000   -99.00000
 190     0.00000     0.00000    -0.00000    -0.00000     0.00000     0.71574   -99.00000   -99.00000
 191     0.00000    -0.00000    -0.00000     0.00000     0.00000     0.24805   -99.00000   -99.00000
 192     0.00000     0.00000    -0.00000     0.00000     0.00000     0.38191   -99.00000   -99.00000
 193     0.00000     0.00000    -0.00000     0.00000     0.00000     0.49821   -99.00000   -99.00000
 194     0.00000    -0.00000    -0.00000     0.00000     0.00000     0.60107   -99.00000   -99.00000
 195     0.00000    -0.00000    -0.00000     0.00000     0.00000     0.66611   -99.00000   -99.00000
 196     0.00000    -0.00000    -0.00000     0.00000     0.00000     0.69706   -99.00000   -99.00000
 197     0.00000    -0.00000    -0.00000     0.00000     0.00000     0.70574   -99.00000   -99.00000
 198     0.00000    -0.00000    -0.00000     0.00000     0.00000     0.75060   -99.00000   -99.00000
 199     0.00000    -0.00000    -0.00000     0.00000     0.00000     0.77979   -99.00000   -99.00000
 200     0.00000     0.00000    -0.00000     0.00000     0.00000     0.76182   -99.00000   -99.00000
 201     0.00000     0.00000    -0.00000     0.00000     0.00000     0.79560   -99.00000   -99.00000
 202     0.00000     0.00000    -0.00000     0.00000     0.00000     0.81528   -99.00000   -99.00000
 203     0.00000     0.00000    -0.00001     0.00000     0.00000     0.85143   -99.00000   -99.00000
 204     0.00000     0.00000    -0.00001     0.00000     0.00000     0.82245   -99.00000   -99.00000
 205     0.00000     0.00000    -0.00001     0.00000     0.00000     0.83009   -99.00000   -99.00000
 206     0.00000     0.00000     0.00000     0.00000     0.00000     0.00000   -99.00000   -99.00000
 207    -0.00000    -0.00000     0.00000     0.00000     0.00000     0.11944   -99.00000   -99.00000
 208    -0.00000     0.00000     0.00000     0.00000     0.00000     0.08461   -99.00000   -99.00000
 209     0.00000    -0.00000    -0.00000    -0.00000     0.00000     0.06075   -99.00000   -99.00000
 210    -0.00000    -0.00000    -0.00000    -0.00000     0.00000     0.04720   -99.00000   -99.00000
 211    -0.00000    -0.00000     0.00000    -0.00000     0.00000     0.04093   -99.00000   -99.00000
 212     0.00000     0.00000    -0.00000     0.00000     0.00000     0.03406   -99.00000   -99.00000
 213    -0.00000    -0.00000     0.00000    -0.00000     0.00000     0.03093   -99.00000   -99.00000
 214    -0.00000     0.00000     0.00000    -0.00000     0.00000     0.03622   -99.00000   -99.00000
 215     0.00000     0.00000    -0.00000     0.00000     0.00000     0.03592   -99.00000   -99.00000
 216     0.00000    -0.00000     0.00000    -0.00000     0.00000     0.03278   -99.00000   -99.00000
 217     0.00000    -0.00000    -0.00000     0.00000     0.00000     0.03281   -99.00000   -99.00000
 218     0.00000     0.00000     0.00001     0.00000     0.00000     0.87102   -99.00000   -99.00000
 219     0.00000     0.00000    -0.00000     0.00000     0.00000     0.98827   -99.00000   -99.00000
 220     0.00000     0.00000     0.00000     0.00000     0.00000     1.14851   -99.00000   -99.00000
 221     0.00000    -0.00000    -0.00000     0.00000     0.00000     1.18197   -99.00000   -99.00000
 222     0.00000    -0.00000     0.00000    -0.00000     0.00000     1.16798   -99.00000   -99.00000
 223     0.00000     0.00000    -0.00000    -0.00000     0.00000     1.17205   -99.00000   -99.00000
 224     0.00000    -0.00000    -0.00000     0.00000     0.00000     1.17769   -99.00000   -99.00000
 225     0.00000    -0.00000    -0.00000     0.00000     0.00000     1.16835   -99.00000   -99.00000
 226     0.00000     0.00000    -0.00000     0.00000     0.00000     1.28463   -99.00000   -99.00000
 227     0.00000    -0.00000    -0.00001     0.00000     0.00000     1.14605   -99.00000   -99.00000
 228     0.00000     0.00000    -0.00001     0.00000     0.00000     1.41633   -99.00000   -99.00000
 229    -0.00000    -0.00000    -0.00000    -0.00000     0.00000     0.73710   -99.00000   -99.00000
 230     0.00000    -0.00000    -0.00000     0.00000     0.00000     0.76056   -99.00000   -99.00000
 231    -0.00000     0.00000    -0.00000    -0.00000     0.00000     1.23376   -99.00000   -99.00000
 232     0.00000    -0.00000    -0.00000    -0.00000     0.00000     0.31420   -99.00000   -99.00000
 233     0.00000    -0.00000    -0.00000     0.00000     0.00000     0.05271   -99.00000   -99.00000
 234    -0.00000    -0.00000    -0.00000    -0.00000     0.00000     0.77335   -99.00000   -99.00000
 235    -0.00000    -0.00000    -0.00000    -0.00000     0.00000     0.91068   -99.00000   -99.00000
 236    -0.00000     0.00000    -0.00000     0.00000     0.00000     0.95074   -99.00000   -99.00000
 237     0.00000     0.00000     0.00000     0.00000     0.00000    -0.09079   -99.00000   -99.00000
 238    -0.00000    -0.00000    -0.00000    -0.00000     0.00000    -0.24213   -99.00000   -99.00000
 239     0.00000     0.00000    -0.00000     0.00000     0.00000    -0.48674   -99.00000   -99.00000
 240    -0.00000    -0.00000     0.00000    -0.00000     0.00000    -0.50430   -99.00000   -99.00000
 241     0.00000     0.00000    -0.00000     0.00000     0.00000     0.03092   -99.00000   -99.00000
 242     0.00000     0.00000     0.00000     0.00000     0.00000     0.77270   -99.00000   -99.00000
 243     0.00000     0.00000     0.00000     0.00000     0.00000     0.36491   -99.00000   -99.00000
 244     0.00000     0.00000     0.00000     0.00000     0.00000     0.00000   -99.00000   -99.00000
 245     0.00000     0.00000     0.00000     0.00000     0.00000     0.00000   -99.00000   -99.00000
 246    -0.00000    -0.00000     0.00000    -0.00000     0.00000     0.04586   -99.00000   -99.00000
 247    -0.00000    -0.00000    -0.00000    -0.00000     0.00000     0.06556   -99.00000   -99.00000
 248     0.00000     0.00000    -0.00000     0.00000     0.00000     1.08077   -99.00000   -99.00000
 249    -0.00000     0.00000    -0.00000     0.00000     0.00000     1.00925   -99.00000   -99.00000
 250     0.00000     0.00000     0.00000     0.00000     0.00000    -0.66349   -99.00000   -99.00000
 251    -0.00000     0.00000    -0.00000    -0.00000     0.00000     1.27138   -99.00000   -99.00000
 252     0.00000     0.00000    -0.00000     0.00000     0.00000    -0.50750   -99.00000   -99.00000
 253     0.00000     0.00000     0.00000    -0.00000     0.00000     1.37869   -99.00000   -99.00000
 254    -0.00000    -0.00000    -0.00000    -0.00000     0.00000     0.02201   -99.00000   -99.00000
 255     0.00001    -0.00000    -0.00000     0.00000     0.00000     0.34105   -99.00000   -99.00000
 256     0.00000     0.00000     0.00000     0.00000     0.00000    -0.00220   -99.00000   -99.00000
 257     0.00000    -0.00000    -0.00000     0.00000     0.00000     0.20771   -99.00000   -99.00000
 258    -0.00000    -0.00000    -0.00000    -0.00000     0.00000     0.03393   -99.00000   -99.00000
 259    -0.00000    -0.00000    -0.00000    -0.00000     0.00000     0.02705   -99.00000   -99.00000
 260     0.00000    -0.00000    -0.00000    -0.00000     0.00000     0.06265   -99.00000   -99.00000
 261    -0.00000    -0.00000    -0.00000    -0.00000     0.00000     0.01763   -99.00000   -99.00000
 262     0.00000    -0.00000    -0.00000     0.00000     0.00000     0.11383   -99.00000   -99.00000
 263     0.00000     0.00000     0.00000     0.00000     0.00000     0.00000   -99.00000   -99.00000
 264    -0.00000    -0.00000    -0.00000    -0.00000     0.00000     0.01419   -99.00000   -99.00000
 265    -0.00000    -0.00000    -0.00000    -0.00000     0.00000     0.02043   -99.00000   -99.00000
 266    -0.00000    -0.00000    -0.00000    -0.00000     0.00000     0.01988   -99.00000   -99.00000
 267    -0.00000    -0.00000    -0.00000    -0.00000     0.00000     0.00984   -99.00000   -99.00000
 268    -0.00000    -0.00000    -0.00000    -0.00000     0.00000     0.03651   -99.00000   -99.00000
 269    -0.00000    -0.00000    -0.00000    -0.00000     0.00000     0.05077   -99.00000   -99.00000
 270    -0.00000    -0.00000    -0.00000    -0.00000     0.00000     0.05232   -99.00000   -99.00000
 271     0.00000    -0.00000    -0.00000    -0.00000     0.00000     0.07161   -99.00000   -99.00000
 272     0.00000    -0.00000    -0.00000    -0.00000     0.00000     0.08762   -99.00000   -99.00000
 273    -0.00000    -0.00000    -0.00000    -0.00000     0.00000     0.05642   -99.00000   -99.00000
 274     0.00000    -0.00000    -0.00000     0.00000     0.00000     0.06402   -99.00000   -99.00000
 275    -0.00000    -0.00000    -0.00000     0.00000    -0.00646     0.01918   -99.00000   -99.00000
 276     0.00001     0.00001     0.00002     0.00000    -0.25200    -0.06505   -99.00000   -99.00000
 277     0.00000    -0.00000     0.00000     0.00000     0.04005     0.01382   -99.00000   -99.00000
 278    -0.00000     0.00000     0.00000    -0.00000    -0.11713    -0.01769   -99.00000   -99.00000
 279    -0.00000    -0.00000     0.00000     0.00000     0.05841     0.02255   -99.00000   -99.00000
 280     0.00004     0.00001     0.00002     0.00001     0.00136     0.05628   -99.00000   -99.00000
 281     0.00000    -0.00000     0.00000     0.00000     0.03473     0.01095   -99.00000   -99.00000
 282    -0.00000     0.00000    -0.00001    -0.00000    -0.19785    -0.04744   -99.00000   -99.00000
 283    -0.00001     0.00001     0.00000    -0.00000    -0.20369    -0.03424   -99.00000   -99.00000
 284    -0.00000    -0.00000    -0.00000     0.00000    -0.00006     0.00418   -99.00000   -99.00000
 285     0.00000     0.00000     0.00000    -0.00000    -0.03040    -0.00298   -99.00000   -99.00000
 286     0.00000    -0.00000     0.00000     0.00000     0.00990    -0.00695   -99.00000   -99.00000
 287    -0.00000     0.00000     0.00000    -0.00000     0.00564     0.00324   -99.00000   -99.00000
 288     0.00000    -0.00000    -0.00000     0.00000     0.03530    -0.00857   -99.00000   -99.00000
 289     0.00000     0.00000     0.00000     0.00000    -0.01444    -0.00019   -99.00000   -99.00000
 290     0.00000    -0.00000    -0.00000    -0.00000     0.00224    -0.00520   -99.00000   -99.00000
 291    -0.00000     0.00000    -0.00000    -0.00000     0.00173     0.01715   -99.00000   -99.00000
 292    -0.00000     0.00000    -0.00000    -0.00000    -0.00990    -0.00068   -99.00000   -99.00000
 293    -0.00000    -0.00000    -0.00000    -0.00000     0.02669     0.02497   -99.00000   -99.00000
 294     0.00000     0.00000     0.00000     0.00000     0.01716     0.00039   -99.00000   -99.00000
 295     0.00000    -0.00000    -0.00000    -0.00000    -0.03024    -0.02294   -99.00000   -99.00000
 296    -0.00000    -0.00000     0.00000     0.00000     0.03456     0.00971   -99.00000   -99.00000
 297     0.00000    -0.00000    -0.00000    -0.00000    -0.02942    -0.02391   -99.00000   -99.00000
 298     0.00000    -0.00000     0.00000     0.00000     0.00106    -0.00047   -99.00000   -99.00000
 299     0.00000     0.00000    -0.00000    -0.00000    -0.05350     0.00122   -99.00000   -99.00000
 300    -0.00000     0.00000     0.00000     0.00000     0.02519     0.01524   -99.00000   -99.00000
 301    -0.00000     0.00000     0.00000    -0.00000     0.00850    -0.00421   -99.00000   -99.00000
 302    -0.00000    -0.00000    -0.00000    -0.00000    -0.02512    -0.02586   -99.00000   -99.00000
 303     0.00000     0.00000     0.00000     0.00000     0.02512     0.02586   -99.00000   -99.00000
 304     0.00000     0.00000     0.00000     0.00000     0.00000     0.00000   -99.00000   -99.00000
 305     0.00000     0.00000     0.00000     0.00000     0.00000     0.00000   -99.00000   -99.00000

 QWD,WD,momwgt,msm_wgt,momwgt*msm_wgt,cntdat,numperdat,vardatinv
      -0.00000      -0.00000       1.00000       0.00000       0.00000       0    7209      Infinity
      -0.00000      -0.00010       1.00000      36.77878      36.77878     572    7209      36.77878
      -0.00000      -0.00007       1.00000      28.08385      28.08385     595    7209      28.08385
      -0.00000      -0.00007       1.00000      28.42920      28.42920     630    7209      28.42920
      -0.00000      -0.00010       1.00000      19.16656      19.16656    1340    7209      19.16656
      -0.00000      -0.00008       1.00000      20.06802      20.06802    1521    7209      20.06802
      -0.00000      -0.00006       1.00000      20.36390      20.36390    1873    7209      20.36390
      -0.00000      -0.00005       1.00000      21.15336      21.15336    1990    7209      21.15336
      -0.00000      -0.00005       1.00000      24.81500      24.81500    1973    7209      24.81500
      -0.00000      -0.00007       1.00000      35.85100      35.85100    1950    7209      35.85100
      -0.00000      -0.00010       1.00000      53.10291      53.10291    1875    7209      53.10291
      -0.00000      -0.00007       1.00000      40.35942      40.35942    1770    7209      40.35942
      -0.00000      -0.00006       1.00000      39.58476      39.58476    1658    7209      39.58476
      -0.00000      -0.00009       1.00000      56.41124      56.41124    1551    7209      56.41124
      -0.00000      -0.00009       1.00000      66.92450      66.92450    1450    7209      66.92450
      -0.00000      -0.00005       1.00000      54.45907      54.45907    1336    7209      54.45907
      -0.00000      -0.00009       1.00000      73.01408      73.01408    1224    7209      73.01408
      -0.00000      -0.00008       1.00000      77.61323      77.61323    1149    7209      77.61323
      -0.00000      -0.00008       1.00000      67.57775      67.57775    1065    7209      67.57775
       0.00000       0.00000       1.00000       0.00000       0.00000       0    7209      Infinity
       0.00000       0.00000       1.00000       4.52040       4.52040    1453    7209       4.52040
      -0.00000      -0.00001       1.00000       4.00565       4.00565    2051    7209       4.00565
      -0.00000      -0.00000       1.00000       4.56160       4.56160     114    7209       4.56160
       0.00000       0.00000       1.00000      39.11388      39.11388   38125    7209      39.11388
      -0.00000      -0.00000       1.00000      20.27364      20.27364    1230    7209      20.27364
      -0.00000      -0.00011       1.00000      20.74771      20.74771    2383    7209      20.74771
      -0.00000      -0.00006       1.00000      33.20765      33.20765   42150    7209      33.20765
      -0.00000      -0.00009       1.00000      23.65034      23.65034   16727    7209      23.65034
      -0.00000      -0.00008       1.00000      44.37144      44.37144   30907    7209      44.37144
       0.00000       0.00000       1.00000       5.44643       5.44643   11311    7209       5.44643
       0.00000       0.00000       1.00000       9.58782       9.58782   11311    7209       9.58782
       0.00000       0.00000       1.00000      71.26910      71.26910   11311    7209      71.26910
       0.00000       0.00000       1.00000     283.77855     283.77855   11311    7209     283.77855
       0.00000       0.00000       1.00000       4.37571       4.37571     215    7209       4.37571
       0.00000       0.00000       1.00000       5.76659       5.76659     215    7209       5.76659
       0.00000       0.00000       1.00000      36.86204      36.86204     215    7209      36.86204
       0.00000       0.00000       1.00000      72.68082      72.68082     215    7209      72.68082
       0.00000       0.00000       1.00000       4.78992       4.78992     785    7209       4.78992
      -0.00000      -0.00002       1.00000       4.47215       4.47215     366    7209       4.47215
      -0.00000      -0.00000       1.00000       4.68373       4.68373    1151    7209       4.68373
      -0.00000      -0.00001       1.00000       4.45271       4.45271     261    7209       4.45271
       0.00000       0.00001       1.00000       4.97091       4.97091     378    7209       4.97091
      -0.00000      -0.00002       1.00000       5.63873       5.63873     212    7209       5.63873
      -0.00000      -0.00001       1.00000       6.12270       6.12270      83    7209       6.12270
      -0.00000      -0.00001       1.00000       4.51139       4.51139     532    7209       4.51139
       0.00000       0.00003       1.00000       4.65747       4.65747     246    7209       4.65747
      -0.00000      -0.00002       1.00000       6.14300       6.14300     170    7209       6.14300
      -0.00000      -0.00000       1.00000       5.33074       5.33074     232    7209       5.33074
       0.00000       0.00000       1.00000       4.30568       4.30568     325    7209       4.30568
      -0.00000      -0.00000       1.00000       3.90749       3.90749      43    7209       3.90749
      -0.00000      -0.00000       1.00000       0.01198       0.01198      43    7209       0.01198
      -0.00000      -0.00001       1.00000       5.73420       5.73420      67    7209       5.73420
      -0.00000      -0.00000       1.00000       0.01749       0.01749      67    7209       0.01749
      -0.00000      -0.00001       1.00000       5.45587       5.45587      83    7209       5.45587
      -0.00000      -0.00001       1.00000       4.59441       4.59441     110    7209       4.59441
      -0.00000      -0.00001       1.00000       4.50413       4.50413     127    7209       4.50413
      -0.00000      -0.00001       1.00000       4.48731       4.48731     137    7209       4.48731
      -0.00000      -0.00000       1.00000       3.01752       3.01752     140    7209       3.01752
      -0.00000      -0.00001       1.00000       3.67246       3.67246     125    7209       3.67246
      -0.00000      -0.00001       1.00000       4.38787       4.38787     127    7209       4.38787
      -0.00000      -0.00000       1.00000       3.15793       3.15793     129    7209       3.15793
      -0.00000      -0.00001       1.00000       3.44861       3.44861     118    7209       3.44861
      -0.00000      -0.00000       1.00000       2.71561       2.71561     108    7209       2.71561
      -0.00000      -0.00001       1.00000       3.51181       3.51181      97    7209       3.51181
      -0.00000      -0.00000       1.00000       3.20419       3.20419      80    7209       3.20419
      -0.00000      -0.00000       1.00000       2.82260       2.82260      78    7209       2.82260
      -0.00000      -0.00000       1.00000       2.65470       2.65470      83    7209       2.65470
      -0.00000      -0.00000       1.00000       2.57161       2.57161      83    7209       2.57161
       0.00000       0.00000       1.00000       0.00000       0.00000       0    7209      Infinity
      -0.00000      -0.00000       0.00000       6.30668       0.00000     116    7209       6.30668
       0.00000       0.00000       0.00000       6.19713       0.00000     692    7209       6.19713
       0.00000       0.00000       0.00000       7.62669       0.00000    1335    7209       7.62669
       0.00000       0.00000       0.00000       8.38075       0.00000    1583    7209       8.38075
       0.00000       0.00000       0.00000       8.38712       0.00000    1614    7209       8.38712
       0.00000       0.00000       0.00000       9.22381       0.00000    1526    7209       9.22381
       0.00000       0.00000       0.00000       8.98280       0.00000    1363    7209       8.98280
      -0.00000      -0.00000       0.00000       7.67955       0.00000    1234    7209       7.67955
       0.00000       0.00000       0.00000       8.24821       0.00000    1087    7209       8.24821
       0.00000       0.00000       0.00000       7.13651       0.00000     965    7209       7.13651
       0.00000       0.00000       0.00000       8.35588       0.00000     829    7209       8.35588
       0.00000       0.00000       0.00000       3.53486       0.00000      10    7209       3.53486
       0.00000       0.00000       0.00000       4.42836       0.00000      43    7209       4.42836
      -0.00000      -0.00000       0.00000       5.55874       0.00000      79    7209       5.55874
       0.00000       0.00000       0.00000       5.03555       0.00000      75    7209       5.03555
      -0.00000      -0.00000       0.00000       6.42374       0.00000      50    7209       6.42374
      -0.00000      -0.00000       0.00000       9.74609       0.00000      37    7209       9.74609
       0.00000       0.00000       0.00000       4.81867       0.00000      39    7209       4.81867
      -0.00000      -0.00000       0.00000       7.79903       0.00000      23    7209       7.79903
       0.00000       0.00000       0.00000       2.56090       0.00000      21    7209       2.56090
      -0.00000      -0.00000       0.00000       1.18719       0.00000      13    7209       1.18719
       0.00000       0.00000       0.00000       5.92403       0.00000      10    7209       5.92403
      -0.00000      -0.00000       1.00000       3.64434       3.64434   17786    7209       3.64434
      -0.00000      -0.00000       1.00000       0.00999       0.00999   17786    7209       0.00999
      -0.00000      -0.00001       1.00000       2.91582       2.91582   24711    7209       2.91582
      -0.00000      -0.00000       1.00000       0.00738       0.00738   24711    7209       0.00738
      -0.00000      -0.00000       1.00000       3.97266       3.97266     144    7209       3.97266
      -0.00000      -0.00001       1.00000       3.77716       3.77716     716    7209       3.77716
      -0.00000      -0.00000       1.00000       3.48242       3.48242     550    7209       3.48242
      -0.00000      -0.00000       1.00000       3.23221       3.23221     478    7209       3.23221
       0.00000       0.00000       1.00000      30.14523      30.14523   17786    7209      30.14523
      -0.00000      -0.00000       1.00000      15.38407      15.38407   17786    7209      15.38407
       0.00000       0.00000       1.00000       9.59944       9.59944   17786    7209       9.59944
       0.00000       0.00000       1.00000       7.13535       7.13535   17786    7209       7.13535
       0.00000       0.00001       1.00000       6.50265       6.50265   17786    7209       6.50265
      -0.00000      -0.00001       1.00000       6.54131       6.54131   17786    7209       6.54131
      -0.00000      -0.00001       1.00000       8.74601       8.74601   17786    7209       8.74601
       0.00000       0.00000       1.00000      22.17321      22.17321   17786    7209      22.17321
       0.00000       0.00000       1.00000      81.12976      81.12976   17786    7209      81.12976
       0.00000       0.00000       1.00000       8.28147       8.28147   36810    7209       8.28147
       0.00000       0.00000       1.00000       6.03160       6.03160   36810    7209       6.03160
      -0.00000      -0.00000       1.00000       4.68373       4.68373    1151    7209       4.68373
       0.00000       0.00000       1.00000       3.14681       3.14681    1151    7209       3.14681
       0.00000       0.00000       1.00000       2.74317       2.74317     537    7209       2.74317
      -0.00000      -0.00000       1.00000       1.62449       1.62449     537    7209       1.62449
       0.00000       0.00000       0.00000       3.67590       0.00000      26    7209       3.67590
      -0.00000      -0.00000       0.00000       4.04399       0.00000      26    7209       4.04399
      -0.00000      -0.00001       1.00000       4.00565       4.00565    2051    7209       4.00565
      -0.00000      -0.00000       1.00000       4.56160       4.56160     114    7209       4.56160
       0.00000       0.00000       1.00000      39.11388      39.11388   38125    7209      39.11388
      -0.00000      -0.00000       1.00000      20.27364      20.27364    1230    7209      20.27364
      -0.00000      -0.00002       1.00000       4.38348       4.38348    1278    7209       4.38348
      -0.00000      -0.00001       1.00000       4.10333       4.10333     397    7209       4.10333
      -0.00000      -0.00002       1.00000      19.36010      19.36010   45225    7209      19.36010
      -0.00000      -0.00001       1.00000      16.33127      16.33127   19168    7209      16.33127
      -0.00000      -0.00003       1.00000      22.49500      22.49500   26057    7209      22.49500
       0.00000       0.00000       0.00000       0.00000       0.00000       0    7209      Infinity
      -0.00000      -0.00002       1.00000       6.95282       6.95282     178    7209       6.95282
      -0.00000      -0.00003       1.00000       9.58164       9.58164     321    7209       9.58164
      -0.00000      -0.00003       1.00000      13.14601      13.14601     434    7209      13.14601
      -0.00000      -0.00001       1.00000       9.68525       9.68525    1052    7209       9.68525
      -0.00000      -0.00004       1.00000      10.41911      10.41911    1339    7209      10.41911
      -0.00000      -0.00004       1.00000      12.30366      12.30366    1580    7209      12.30366
      -0.00000      -0.00004       1.00000      14.53414      14.53414    1749    7209      14.53414
      -0.00000      -0.00000       1.00000      24.27166      24.27166    1742    7209      24.27166
      -0.00000      -0.00001       1.00000      24.53466      24.53466    1198    7209      24.53466
      -0.00000      -0.00004       1.00000      13.80289      13.80289   15579    7209      13.80289
      -0.00000      -0.00002       1.00000      24.83681      24.83681   29646    7209      24.83681
      -0.00000      -0.00000       1.00000       0.00000       0.00000       0    7209      Infinity
      -0.00000      -0.00007       1.00000      26.08160      26.08160     626    7209      26.08160
      -0.00000      -0.00003       1.00000      18.49674      18.49674     680    7209      18.49674
      -0.00000      -0.00005       1.00000      27.63167      27.63167     718    7209      27.63167
      -0.00000      -0.00006       1.00000      19.58453      19.58453    1686    7209      19.58453
      -0.00000      -0.00006       1.00000      22.56639      22.56639    1829    7209      22.56639
      -0.00000      -0.00005       1.00000      21.88547      21.88547    2021    7209      21.88547
      -0.00000      -0.00005       1.00000      22.42802      22.42802    2031    7209      22.42802
      -0.00000      -0.00007       1.00000      40.12429      40.12429    1994    7209      40.12429
      -0.00000      -0.00007       1.00000      39.24256      39.24256    1949    7209      39.24256
      -0.00000      -0.00005       1.00000      37.44000      37.44000    1857    7209      37.44000
      -0.00000      -0.00006       1.00000      42.83403      42.83403    1756    7209      42.83403
      -0.00000      -0.00009       1.00000      56.01852      56.01852    1650    7209      56.01852
      -0.00000      -0.00009       1.00000      52.45316      52.45316    1543    7209      52.45316
      -0.00000      -0.00010       1.00000      68.33326      68.33326    1481    7209      68.33326
      -0.00000      -0.00010       1.00000      76.06906      76.06906    1351    7209      76.06906
      -0.00000      -0.00015       1.00000      96.93361      96.93361    1247    7209      96.93361
      -0.00000      -0.00010       1.00000      73.32652      73.32652    1157    7209      73.32652
      -0.00000      -0.00009       1.00000      63.83970      63.83970    1068    7209      63.83970
       0.00000       0.00000       1.00000       0.00000       0.00000       0    7209      Infinity
       0.00000       0.00000       1.00000       4.60484       4.60484    1421    7209       4.60484
      -0.00000      -0.00000       1.00000       7.00057       7.00057   18841    7209       7.00057
       0.00000       0.00004       1.00000       5.96891       5.96891     639    7209       5.96891
       0.00000       0.00000       1.00000       9.30598       9.30598   24483    7209       9.30598
       0.00000       0.00002       1.00000       5.91870       5.91870     692    7209       5.91870
      -0.00000      -0.00009       1.00000      31.65388      31.65388   20393    7209      31.65388
      -0.00000      -0.00004       1.00000      37.45776      37.45776   26885    7209      37.45776
      -0.00000      -0.00006       1.00000      23.57449      23.57449   14463    7209      23.57449
      -0.00000      -0.00008       1.00000      45.54801      45.54801   34685    7209      45.54801
       0.00000       0.00000       1.00000       5.54099       5.54099   10947    7209       5.54099
       0.00000       0.00000       1.00000      58.03348      58.03348   10947    7209      58.03348
       0.00000       0.00000       1.00000       9.67819       9.67819   10947    7209       9.67819
       0.00000       0.00000       1.00000     274.67867     274.67867   10947    7209     274.67867
       0.00000       0.00000       1.00000       4.27245       4.27245     198    7209       4.27245
       0.00000       0.00000       1.00000      34.03125      34.03125     198    7209      34.03125
       0.00000       0.00000       1.00000       5.78571       5.78571     198    7209       5.78571
       0.00000       0.00000       1.00000      50.52062      50.52062     198    7209      50.52062
       0.00000       0.00001       1.00000       5.20545       5.20545     364    7209       5.20545
      -0.00000      -0.00001       1.00000       8.06211       8.06211     175    7209       8.06211
       0.00000       0.00001       1.00000       5.86786       5.86786     539    7209       5.86786
       0.00000       0.00001       1.00000       5.06695       5.06695     231    7209       5.06695
      -0.00000      -0.00004       1.00000       5.58261       5.58261     227    7209       5.58261
       0.00000       0.00002       1.00000       7.59041       7.59041     188    7209       7.59041
      -0.00000      -0.00000       1.00000       7.39822       7.39822      61    7209       7.39822
       0.00000       0.00001       1.00000       5.17105       5.17105     335    7209       5.17105
      -0.00000      -0.00002       1.00000       3.85125       3.85125     161    7209       3.85125
       0.00000       0.00001       1.00000       3.50874       3.50874     131    7209       3.50874
      -0.00000      -0.00001       1.00000       4.69609       4.69609     190    7209       4.69609
      -0.00000      -0.00001       1.00000       4.46607       4.46607     149    7209       4.46607
       0.00000       0.00000       1.00000       5.07869       5.07869      30    7209       5.07869
      -0.00000      -0.00000       1.00000       0.01659       0.01659      30    7209       0.01659
       0.00000       0.00001       1.00000       8.80805       8.80805      48    7209       8.80805
       0.00000       0.00000       1.00000       0.02805       0.02805      48    7209       0.02805
       0.00000       0.00001       1.00000       5.89535       5.89535      58    7209       5.89535
       0.00000       0.00001       1.00000       5.83073       5.83073      68    7209       5.83073
       0.00000       0.00001       1.00000       3.91144       3.91144      70    7209       3.91144
       0.00000       0.00001       1.00000       5.93031       5.93031      64    7209       5.93031
       0.00000       0.00001       1.00000       4.08260       4.08260      74    7209       4.08260
       0.00000       0.00001       1.00000       4.89403       4.89403      73    7209       4.89403
       0.00000       0.00001       1.00000       6.16524       6.16524      75    7209       6.16524
       0.00000       0.00001       1.00000       4.64865       4.64865      80    7209       4.64865
       0.00000       0.00001       1.00000       4.13270       4.13270      73    7209       4.13270
       0.00000       0.00001       1.00000       3.65208       3.65208      80    7209       3.65208
       0.00000       0.00001       1.00000       4.16647       4.16647      69    7209       4.16647
       0.00000       0.00001       1.00000       4.49211       4.49211      68    7209       4.49211
       0.00000       0.00002       1.00000       5.14353       5.14353      59    7209       5.14353
       0.00000       0.00001       1.00000       4.02679       4.02679      60    7209       4.02679
       0.00000       0.00001       1.00000       4.46014       4.46014      50    7209       4.46014
       0.00000       0.00000       1.00000       0.00000       0.00000       0    7209      Infinity
      -0.00000      -0.00000       0.00000       5.38210       0.00000      98    7209       5.38210
      -0.00000      -0.00000       0.00000       9.98717       0.00000     571    7209       9.98717
       0.00000       0.00000       0.00000       9.00574       0.00000     827    7209       9.00574
      -0.00000      -0.00000       0.00000       9.19159       0.00000     850    7209       9.19159
      -0.00000      -0.00000       0.00000      10.84956       0.00000     841    7209      10.84956
       0.00000       0.00000       0.00000      10.53280       0.00000     780    7209      10.53280
      -0.00000      -0.00000       0.00000       8.14647       0.00000     763    7209       8.14647
      -0.00000      -0.00000       0.00000      10.18635       0.00000     721    7209      10.18635
       0.00000       0.00000       0.00000       9.42123       0.00000     676    7209       9.42123
       0.00000       0.00000       0.00000       9.76694       0.00000     589    7209       9.76694
       0.00000       0.00000       0.00000      13.59188       0.00000     506    7209      13.59188
       0.00000       0.00000       0.00000       2.00646       0.00000       4    7209       2.00646
       0.00000       0.00000       0.00000       7.83090       0.00000      23    7209       7.83090
       0.00000       0.00000       0.00000       6.72741       0.00000      48    7209       6.72741
       0.00000       0.00000       0.00000       6.64325       0.00000      38    7209       6.64325
       0.00000       0.00000       0.00000       5.41567       0.00000      16    7209       5.41567
       0.00000       0.00000       0.00000       7.29769       0.00000      15    7209       7.29769
       0.00000       0.00000       0.00000       3.94186       0.00000       9    7209       3.94186
       0.00000       0.00000       0.00000      10.85369       0.00000      10    7209      10.85369
       0.00000       0.00000       0.00000       3.20752       0.00000       9    7209       3.20752
       0.00000       0.00000       0.00000       9.46687       0.00000       9    7209       9.46687
       0.00000       0.00000       0.00000      86.48039       0.00000       5    7209      86.48039
      -0.00000      -0.00000       1.00000       4.14660       4.14660   11072    7209       4.14660
       0.00000       0.00000       1.00000       0.01232       0.01232   11072    7209       0.01232
      -0.00000      -0.00000       1.00000       3.29946       3.29946   15685    7209       3.29946
       0.00000       0.00000       1.00000       0.00905       0.00905   15685    7209       0.00905
       0.00000       0.00000       1.00000       4.85641       4.85641     150    7209       4.85641
      -0.00000      -0.00000       1.00000       4.37885       4.37885     364    7209       4.37885
      -0.00000      -0.00000       1.00000       4.38056       4.38056     374    7209       4.38056
      -0.00000      -0.00000       1.00000       4.96643       4.96643     319    7209       4.96643
       0.00000       0.00002       1.00000      11.77011      11.77011   11072    7209      11.77011
      -0.00000      -0.00001       1.00000       7.19169       7.19169   11072    7209       7.19169
       0.00000       0.00000       1.00000       5.95874       5.95874   11072    7209       5.95874
      -0.00000      -0.00000       1.00000       6.25509       6.25509   11072    7209       6.25509
       0.00000       0.00000       1.00000       8.69509       8.69509   11072    7209       8.69509
       0.00000       0.00000       1.00000      15.54742      15.54742   11072    7209      15.54742
       0.00000       0.00000       1.00000      35.73813      35.73813   11072    7209      35.73813
       0.00000       0.00000       1.00000     191.90182     191.90182   11072    7209     191.90182
       0.00000       0.00000       1.00000    1582.71492    1582.71492   11072    7209    1582.71492
      -0.00000      -0.00000       1.00000       9.68501       9.68501   21179    7209       9.68501
      -0.00000      -0.00000       1.00000      10.18836      10.18836   21179    7209      10.18836
       0.00000       0.00001       1.00000       5.86786       5.86786     539    7209       5.86786
      -0.00000      -0.00000       1.00000       6.83391       6.83391     539    7209       6.83391
       0.00000       0.00000       1.00000       3.43871       3.43871     923    7209       3.43871
      -0.00000      -0.00000       1.00000       3.52612       3.52612     923    7209       3.52612
       0.00000       0.00000       0.00000       2.66220       0.00000      33    7209       2.66220
       0.00000       0.00000       0.00000       2.99586       0.00000      33    7209       2.99586
      -0.00000      -0.00000       1.00000       7.00057       7.00057   18841    7209       7.00057
       0.00000       0.00004       1.00000       5.96891       5.96891     639    7209       5.96891
       0.00000       0.00000       1.00000       9.30598       9.30598   24483    7209       9.30598
       0.00000       0.00002       1.00000       5.91870       5.91870     692    7209       5.91870
      -0.00000      -0.00000       1.00000       4.59935       4.59935    4532    7209       4.59935
      -0.00000      -0.00000       1.00000       6.19752       6.19752    2912    7209       6.19752
       0.00000       0.00000       1.00000       4.07527       4.07527   47763    7209       4.07527
      -0.00000      -0.00000       1.00000       4.00026       4.00026   22380    7209       4.00026
       0.00000       0.00000       1.00000       4.26356       4.26356   25383    7209       4.26356
       0.00000       0.00000       0.00000       0.00000       0.00000       0    7209      Infinity
      -0.00000      -0.00000       1.00000       4.11303       4.11303     374    7209       4.11303
      -0.00000      -0.00000       1.00000       4.05040       4.05040     511    7209       4.05040
      -0.00000      -0.00000       1.00000       4.00089       4.00089     605    7209       4.00089
      -0.00000      -0.00000       1.00000       4.03724       4.03724    1489    7209       4.03724
      -0.00000      -0.00000       1.00000       4.10153       4.10153    1697    7209       4.10153
      -0.00000      -0.00000       1.00000       4.15063       4.15063    1853    7209       4.15063
      -0.00000      -0.00000       1.00000       4.08212       4.08212    1960    7209       4.08212
       0.00000       0.00000       1.00000       4.04129       4.04129    1751    7209       4.04129
       0.00000       0.00000       1.00000       4.20304       4.20304    1233    7209       4.20304
      -0.00000      -0.00000       1.00000       5.63847       5.63847   13850    7209       5.63847
       0.00000       0.00000       1.00000       4.00331       4.00331   33913    7209       4.00331
      -0.00000      -0.00000       1.00000       7.41639       7.41639     498    7209       7.41639
       0.00000       0.00005       1.00000       4.00578       4.00578     316    7209       4.00578
       0.00000       0.00000       1.00000       5.28193       5.28193     272    7209       5.28193
      -0.00000      -0.00000       1.00000       5.95564       5.95564     178    7209       5.95564
      -0.00000      -0.00000       1.00000       4.48641       4.48641     492    7209       4.48641
       0.00000       0.00025       1.00000       5.65201       5.65201     283    7209       5.65201
       0.00000       0.00000       1.00000       4.31958       4.31958     250    7209       4.31958
      -0.00000      -0.00002       1.00000       4.02051       4.02051     280    7209       4.02051
      -0.00000      -0.00002       1.00000       4.01558       4.01558     305    7209       4.01558
      -0.00000      -0.00001       1.00000       7.73394       7.73394    2615    7209       7.73394
       0.00000       0.00001       1.00000       8.36505       8.36505    2615    7209       8.36505
       0.00000       0.00000       1.00000      12.92489      12.92489    2615    7209      12.92489
      -0.00000      -0.00001       1.00000      21.80459      21.80459    2615    7209      21.80459
       0.00000       0.00000       1.00000       7.70232       7.70232    2615    7209       7.70232
       0.00000       0.00003       1.00000      10.90772      10.90772    2615    7209      10.90772
       0.00000       0.00000       1.00000      13.48114      13.48114    2615    7209      13.48114
      -0.00000      -0.00002       1.00000      11.13003      11.13003    2615    7209      11.13003
      -0.00000      -0.00001       1.00000       8.30755       8.30755    2615    7209       8.30755
      -0.00000      -0.00000       1.00000       6.99437       6.99437    2615    7209       6.99437
       0.00000       0.00001       1.00000      10.23478      10.23478    2615    7209      10.23478
       0.00000       0.00000       1.00000      11.44308      11.44308    2615    7209      11.44308
      -0.00000      -0.00000       1.00000      17.30784      17.30784    2615    7209      17.30784
       0.00000       0.00000       1.00000       7.04379       7.04379    2615    7209       7.04379
       0.00000       0.00001       1.00000      11.13003      11.13003    2615    7209      11.13003
       0.00000       0.00001       1.00000      12.32099      12.32099    2615    7209      12.32099
      -0.00000      -0.00001       1.00000      11.56571      11.56571    2615    7209      11.56571
      -0.00000      -0.00001       1.00000      10.80032      10.80032    2615    7209      10.80032
      -0.00000      -0.00001       1.00000       4.02381       4.02381    1313    7209       4.02381
       0.00000       0.00001       1.00000       4.02381       4.02381    1313    7209       4.02381
       0.00000       0.00000       1.00000       6.76625       6.76625    9645    7209       6.76625
       0.00000       0.00000       1.00000       6.26974       6.26974   48428    7209       6.26974

 DpWDinv(kk,kk)
     576635747.13108
     642227684.03806
     134987040.75220
    4829797806.08369
             0.00555
             0.00938

 SEmat
       1417035.36784
       2134290.72805
        698403.31300
      11578789.36650
             0.00002
             0.00005

