  iter  itm1               parname  kk  ka    pars(kk)  pars1(kk)  realp(kk) realp1(kk)     step   dtheta      val     val1
     3     2       uhomet 1         14   1    6909.49    7909.49    6909.49    7909.49  1000.00  1000.00   158.72   158.71
     4     3       uhomet 2         15   2    3449.62    4449.62    3449.62    4449.62  1000.00  1000.00   158.72   158.69
     5     4       uhomet 3         24   3    6107.24    7107.24    6107.24    7107.24  1000.00  1000.00   158.72   158.69
     6     5       uhomet 4         65   4    7089.28    8089.28    7089.28    8089.28  1000.00  1000.00   158.72   158.71
     7     6       sig_wge          66   5      -1.06      -0.76       0.26       0.32     0.30     0.06   158.72   158.22
     8     7       sig_wge          67   6      -1.22      -0.92       0.23       0.29     0.30     0.06   158.72   158.61
 standard errors:
uhomet 1         6909.48989  6909.48989  7909.48989  7909.48989  1000.00000  6909.48989    (    82.09036)
uhomet 2         3449.62420  3449.62420  4449.62420  4449.62420  1000.00000  3449.62420    (   139.03506)
uhomet 3         6107.23527  6107.23527  7107.23527  7107.23527  1000.00000  6107.23527    (    91.75588)
uhomet 4         7089.28106  7089.28106  8089.28106  8089.28106  1000.00000  7089.28106    (   176.71091)
sig_wge            -1.06415     0.25652    -0.76415     0.31775     0.06123     0.25652    (     0.00044)
sig_wge            -1.21855     0.22819    -0.91855     0.28525     0.05706     0.22819    (     0.00051)
 D
   1    -0.00001    -0.00000    -0.00001    -0.00000     0.03163     0.00000   -99.00000   -99.00000
   2    -0.00000    -0.00000    -0.00001    -0.00000     0.03642     0.00000   -99.00000   -99.00000
   3    -0.00000    -0.00000    -0.00000    -0.00000     0.03803     0.00000   -99.00000   -99.00000
   4    -0.00000    -0.00000    -0.00000    -0.00000     0.04652     0.00000   -99.00000   -99.00000
   5    -0.00001    -0.00000    -0.00001    -0.00000     0.06430     0.00000   -99.00000   -99.00000
   6    -0.00000    -0.00000    -0.00000    -0.00000     0.05022     0.00000   -99.00000   -99.00000
   7    -0.00000    -0.00000    -0.00000    -0.00000     0.04430     0.00000   -99.00000   -99.00000
   8    -0.00000    -0.00000    -0.00000    -0.00000     0.02672     0.00000   -99.00000   -99.00000
   9    -0.00000    -0.00000    -0.00000    -0.00000     0.00391     0.00000   -99.00000   -99.00000
  10    -0.00000    -0.00000    -0.00000    -0.00000    -0.00835     0.00000   -99.00000   -99.00000
  11    -0.00000    -0.00000    -0.00000    -0.00000    -0.02630     0.00000   -99.00000   -99.00000
  12    -0.00000     0.00000    -0.00000    -0.00000    -0.03211     0.00000   -99.00000   -99.00000
  13    -0.00000    -0.00000    -0.00000    -0.00000    -0.04300     0.00000   -99.00000   -99.00000
  14    -0.00000    -0.00000    -0.00000    -0.00000    -0.04794     0.00000   -99.00000   -99.00000
  15    -0.00000     0.00000    -0.00000    -0.00000    -0.02892     0.00000   -99.00000   -99.00000
  16    -0.00000    -0.00000    -0.00000    -0.00000    -0.01092     0.00000   -99.00000   -99.00000
  17    -0.00000     0.00000    -0.00000    -0.00000    -0.00497     0.00000   -99.00000   -99.00000
  18    -0.00000    -0.00000    -0.00000    -0.00000    -0.03076     0.00000   -99.00000   -99.00000
  19    -0.00000    -0.00000    -0.00000    -0.00000     0.00000     0.00000   -99.00000   -99.00000
  20     0.00000     0.00000     0.00000     0.00000     0.00000     0.00000   -99.00000   -99.00000
  21     0.00000     0.00000     0.00000     0.00000    -0.01968     0.00000   -99.00000   -99.00000
  22    -0.00000    -0.00000    -0.00000    -0.00000     0.03972     0.00000   -99.00000   -99.00000
  23     0.00000     0.00000     0.00000     0.00000     0.12145     0.00000   -99.00000   -99.00000
  24    -0.00000     0.00000     0.00000     0.00000    -0.00103     0.00000   -99.00000   -99.00000
  25    -0.00000    -0.00000     0.00000    -0.00000     0.00958     0.00000   -99.00000   -99.00000
  26    -0.00001    -0.00000    -0.00001    -0.00000     0.07574     0.00000   -99.00000   -99.00000
  27    -0.00000    -0.00000    -0.00000    -0.00000    -0.00335     0.00000   -99.00000   -99.00000
  28    -0.00000    -0.00000    -0.00000    -0.00000     0.04810     0.00000   -99.00000   -99.00000
  29    -0.00000    -0.00000    -0.00000    -0.00000    -0.00574     0.00000   -99.00000   -99.00000
  30     0.00000     0.00000     0.00000     0.00000     0.00000     0.00000   -99.00000   -99.00000
  31     0.00000     0.00000     0.00000     0.00000     0.00000     0.00000   -99.00000   -99.00000
  32     0.00000     0.00000     0.00000     0.00000     0.00000     0.00000   -99.00000   -99.00000
  33     0.00000     0.00000     0.00000     0.00000     0.00000     0.00000   -99.00000   -99.00000
  34     0.00000     0.00000     0.00000     0.00000     0.00000     0.00000   -99.00000   -99.00000
  35     0.00000     0.00000     0.00000     0.00000     0.00000     0.00000   -99.00000   -99.00000
  36     0.00000     0.00000     0.00000     0.00000     0.00000     0.00000   -99.00000   -99.00000
  37     0.00000     0.00000     0.00000     0.00000     0.00000     0.00000   -99.00000   -99.00000
  38    -0.00000     0.00000    -0.00000     0.00000     1.14988     0.00000   -99.00000   -99.00000
  39    -0.00000     0.00000     0.00001    -0.00000     0.53326     0.00000   -99.00000   -99.00000
  40    -0.00000     0.00000     0.00000     0.00000     1.07478     0.00000   -99.00000   -99.00000
  41    -0.00000    -0.00000     0.00000    -0.00000     0.52742     0.00000   -99.00000   -99.00000
  42     0.00000     0.00000    -0.00001     0.00000     0.47984     0.00000   -99.00000   -99.00000
  43    -0.00000    -0.00000     0.00000    -0.00000     0.53259     0.00000   -99.00000   -99.00000
  44    -0.00000    -0.00000    -0.00001     0.00000     0.57266     0.00000   -99.00000   -99.00000
  45    -0.00000    -0.00000     0.00000    -0.00000     0.41356     0.00000   -99.00000   -99.00000
  46     0.00000    -0.00000    -0.00000    -0.00000     0.45575     0.00000   -99.00000   -99.00000
  47    -0.00000    -0.00000     0.00000     0.00000     0.58609     0.00000   -99.00000   -99.00000
  48    -0.00000     0.00000    -0.00001    -0.00000     0.40728     0.00000   -99.00000   -99.00000
  49     0.00000     0.00000    -0.00001    -0.00000     0.40808     0.00000   -99.00000   -99.00000
  50    -0.00000    -0.00000     0.00000    -0.00000     0.07671     0.00000   -99.00000   -99.00000
  51     0.00000     0.00000    -0.00000     0.00000     0.62307     0.00000   -99.00000   -99.00000
  52    -0.00000    -0.00000     0.00000     0.00000     0.20937     0.00000   -99.00000   -99.00000
  53    -0.00000     0.00000     0.00000    -0.00000     0.63363     0.00000   -99.00000   -99.00000
  54    -0.00000     0.00000     0.00000     0.00000     0.30400     0.00000   -99.00000   -99.00000
  55    -0.00000    -0.00000     0.00000    -0.00000     0.54899     0.00000   -99.00000   -99.00000
  56    -0.00000    -0.00000     0.00000    -0.00000     0.72711     0.00000   -99.00000   -99.00000
  57    -0.00000    -0.00000     0.00000    -0.00000     0.89068     0.00000   -99.00000   -99.00000
  58    -0.00000    -0.00000     0.00000    -0.00000     1.01260     0.00000   -99.00000   -99.00000
  59    -0.00000    -0.00000     0.00000    -0.00000     1.12873     0.00000   -99.00000   -99.00000
  60    -0.00000    -0.00000     0.00000    -0.00000     1.23123     0.00000   -99.00000   -99.00000
  61    -0.00000    -0.00000     0.00000    -0.00000     1.25349     0.00000   -99.00000   -99.00000
  62    -0.00000    -0.00000     0.00000    -0.00000     1.32136     0.00000   -99.00000   -99.00000
  63    -0.00000    -0.00000     0.00000    -0.00000     1.35585     0.00000   -99.00000   -99.00000
  64    -0.00000    -0.00000     0.00000    -0.00000     1.44495     0.00000   -99.00000   -99.00000
  65    -0.00000    -0.00000     0.00000    -0.00000     1.47370     0.00000   -99.00000   -99.00000
  66    -0.00000    -0.00000     0.00000    -0.00000     1.46083     0.00000   -99.00000   -99.00000
  67    -0.00000    -0.00000    -0.00000    -0.00000     1.46936     0.00000   -99.00000   -99.00000
  68    -0.00000    -0.00000     0.00000    -0.00000     1.48445     0.00000   -99.00000   -99.00000
  69     0.00000     0.00000     0.00000     0.00000     0.00000     0.00000   -99.00000   -99.00000
  70    -0.00000     0.00000    -0.00000    -0.00000     0.13148     0.00000   -99.00000   -99.00000
  71     0.00000     0.00000    -0.00000    -0.00000     0.07439     0.00000   -99.00000   -99.00000
  72     0.00000     0.00000     0.00000     0.00000     0.07109     0.00000   -99.00000   -99.00000
  73     0.00000    -0.00000     0.00000     0.00000     0.04443     0.00000   -99.00000   -99.00000
  74     0.00000    -0.00000     0.00000     0.00000     0.02474     0.00000   -99.00000   -99.00000
  75     0.00000     0.00000    -0.00000    -0.00000     0.01878     0.00000   -99.00000   -99.00000
  76    -0.00000     0.00000     0.00000    -0.00000     0.01245     0.00000   -99.00000   -99.00000
  77    -0.00000    -0.00000     0.00000    -0.00000     0.01286     0.00000   -99.00000   -99.00000
  78     0.00000     0.00000     0.00000     0.00000     0.00759     0.00000   -99.00000   -99.00000
  79     0.00000    -0.00000    -0.00000    -0.00000     0.00701     0.00000   -99.00000   -99.00000
  80     0.00000    -0.00000    -0.00000     0.00000     0.00352     0.00000   -99.00000   -99.00000
  81     0.00001     0.00001     0.00000     0.00000     0.96887     0.00000   -99.00000   -99.00000
  82     0.00000     0.00000     0.00000     0.00000     0.96796     0.00000   -99.00000   -99.00000
  83    -0.00000     0.00000    -0.00000    -0.00000     1.12798     0.00000   -99.00000   -99.00000
  84     0.00000     0.00000    -0.00000     0.00000     0.96641     0.00000   -99.00000   -99.00000
  85    -0.00000     0.00000     0.00000     0.00000     0.99162     0.00000   -99.00000   -99.00000
  86     0.00000     0.00000    -0.00000    -0.00000     0.87276     0.00000   -99.00000   -99.00000
  87     0.00000    -0.00000     0.00001    -0.00001     1.04354     0.00000   -99.00000   -99.00000
  88     0.00000     0.00000    -0.00000     0.00000     1.32780     0.00000   -99.00000   -99.00000
  89     0.00001     0.00000    -0.00000     0.00000     1.04623     0.00000   -99.00000   -99.00000
  90    -0.00001     0.00000    -0.00001    -0.00000     1.05743     0.00000   -99.00000   -99.00000
  91     0.00001     0.00000     0.00000     0.00000     0.53297     0.00000   -99.00000   -99.00000
  92    -0.00000    -0.00000    -0.00000    -0.00000     1.09104     0.00000   -99.00000   -99.00000
  93    -0.00000    -0.00000     0.00000     0.00000     0.62329     0.00000   -99.00000   -99.00000
  94    -0.00000    -0.00000     0.00000    -0.00000     1.18737     0.00000   -99.00000   -99.00000
  95    -0.00000     0.00000     0.00000     0.00000     0.61512     0.00000   -99.00000   -99.00000
  96    -0.00000    -0.00000     0.00000    -0.00000     0.12649     0.00000   -99.00000   -99.00000
  97    -0.00000    -0.00000    -0.00000    -0.00000     1.13658     0.00000   -99.00000   -99.00000
  98    -0.00000    -0.00000    -0.00000     0.00000     1.40454     0.00000   -99.00000   -99.00000
  99    -0.00000    -0.00000     0.00000    -0.00000     1.59450     0.00000   -99.00000   -99.00000
 100     0.00000    -0.00000     0.00000    -0.00000     0.06442     0.00000   -99.00000   -99.00000
 101    -0.00000     0.00000     0.00000    -0.00000    -0.04287     0.00000   -99.00000   -99.00000
 102     0.00000    -0.00000     0.00000    -0.00000    -0.33697     0.00000   -99.00000   -99.00000
 103     0.00000     0.00000     0.00000     0.00000    -0.02039     0.00000   -99.00000   -99.00000
 104    -0.00000     0.00000    -0.00000    -0.00000    -1.60240     0.00000   -99.00000   -99.00000
 105    -0.00000    -0.00000     0.00000     0.00000     0.59893     0.00000   -99.00000   -99.00000
 106     0.00000     0.00000     0.00000     0.00000     1.32839     0.00000   -99.00000   -99.00000
 107     0.00000     0.00000     0.00000     0.00000     0.00000     0.00000   -99.00000   -99.00000
 108     0.00000     0.00000     0.00000     0.00000     0.00000     0.00000   -99.00000   -99.00000
 109     0.00000     0.00000     0.00000     0.00000     0.03597     0.00000   -99.00000   -99.00000
 110     0.00000     0.00000     0.00000    -0.00000     0.05228     0.00000   -99.00000   -99.00000
 111    -0.00000     0.00000     0.00000     0.00000     1.07478     0.00000   -99.00000   -99.00000
 112    -0.00000     0.00000     0.00000     0.00000     0.88262     0.00000   -99.00000   -99.00000
 113     0.00000    -0.00000     0.00000     0.00000    -1.16754     0.00000   -99.00000   -99.00000
 114    -0.00000    -0.00000    -0.00000     0.00000     1.20078     0.00000   -99.00000   -99.00000
 115     0.00001    -0.00000     0.00000     0.00000    -0.67928     0.00000   -99.00000   -99.00000
 116    -0.00000     0.00000     0.00000    -0.00000     1.11509     0.00000   -99.00000   -99.00000
 117    -0.00000    -0.00000    -0.00000    -0.00000     0.03972     0.00000   -99.00000   -99.00000
 118     0.00000     0.00000     0.00000     0.00000     0.12145     0.00000   -99.00000   -99.00000
 119    -0.00000     0.00000     0.00000     0.00000    -0.00103     0.00000   -99.00000   -99.00000
 120    -0.00000    -0.00000     0.00000    -0.00000     0.00958     0.00000   -99.00000   -99.00000
 121    -0.00001    -0.00000    -0.00001    -0.00000     0.08284     0.00000   -99.00000   -99.00000
 122    -0.00000    -0.00000    -0.00000    -0.00000     0.06866     0.00000   -99.00000   -99.00000
 123    -0.00000    -0.00000    -0.00000    -0.00000     0.01738     0.00000   -99.00000   -99.00000
 124    -0.00000    -0.00000    -0.00000    -0.00000     0.01148     0.00000   -99.00000   -99.00000
 125    -0.00000    -0.00000    -0.00000    -0.00000     0.02303     0.00000   -99.00000   -99.00000
 126     0.00000     0.00000     0.00000     0.00000     0.00000     0.00000   -99.00000   -99.00000
 127    -0.00000    -0.00000    -0.00000    -0.00000     0.03355     0.00000   -99.00000   -99.00000
 128    -0.00000    -0.00000    -0.00000    -0.00000     0.03163     0.00000   -99.00000   -99.00000
 129    -0.00000    -0.00000    -0.00000    -0.00000     0.03315     0.00000   -99.00000   -99.00000
 130    -0.00000    -0.00000    -0.00000    -0.00000     0.00721     0.00000   -99.00000   -99.00000
 131    -0.00000    -0.00000    -0.00000    -0.00000     0.05511     0.00000   -99.00000   -99.00000
 132    -0.00000    -0.00000    -0.00000    -0.00000     0.04740     0.00000   -99.00000   -99.00000
 133    -0.00000    -0.00000    -0.00000    -0.00000     0.03596     0.00000   -99.00000   -99.00000
 134     0.00000     0.00000    -0.00000     0.00000     0.00469     0.00000   -99.00000   -99.00000
 135    -0.00000     0.00000     0.00000     0.00000     0.00813     0.00000   -99.00000   -99.00000
 136    -0.00000    -0.00000    -0.00000    -0.00000     0.04033     0.00000   -99.00000   -99.00000
 137    -0.00000    -0.00000    -0.00000    -0.00000     0.01214     0.00000   -99.00000   -99.00000
 138    -0.00000    -0.00001    -0.00000    -0.00000     0.00000     0.00649   -99.00000   -99.00000
 139    -0.00000    -0.00000    -0.00000    -0.00000     0.00000     0.01189   -99.00000   -99.00000
 140    -0.00000    -0.00000    -0.00000    -0.00000     0.00000     0.01207   -99.00000   -99.00000
 141    -0.00000    -0.00000    -0.00000    -0.00000     0.00000     0.01225   -99.00000   -99.00000
 142    -0.00000    -0.00000    -0.00000    -0.00000     0.00000     0.01470   -99.00000   -99.00000
 143    -0.00000    -0.00000    -0.00000    -0.00000     0.00000    -0.00641   -99.00000   -99.00000
 144    -0.00000    -0.00000    -0.00000    -0.00000     0.00000    -0.01178   -99.00000   -99.00000
 145    -0.00000    -0.00000    -0.00000    -0.00000     0.00000    -0.00473   -99.00000   -99.00000
 146    -0.00000    -0.00000    -0.00000    -0.00000     0.00000    -0.02052   -99.00000   -99.00000
 147    -0.00000    -0.00000    -0.00000    -0.00000     0.00000    -0.00730   -99.00000   -99.00000
 148     0.00000    -0.00000    -0.00000    -0.00000     0.00000    -0.03650   -99.00000   -99.00000
 149    -0.00000    -0.00000    -0.00000    -0.00000     0.00000    -0.02872   -99.00000   -99.00000
 150    -0.00000    -0.00000    -0.00000    -0.00000     0.00000    -0.03637   -99.00000   -99.00000
 151    -0.00000    -0.00000    -0.00000    -0.00000     0.00000    -0.02709   -99.00000   -99.00000
 152    -0.00000    -0.00000    -0.00000    -0.00000     0.00000    -0.02071   -99.00000   -99.00000
 153    -0.00000    -0.00000    -0.00000    -0.00000     0.00000    -0.01644   -99.00000   -99.00000
 154    -0.00000    -0.00000    -0.00000     0.00000     0.00000    -0.01201   -99.00000   -99.00000
 155    -0.00000    -0.00000    -0.00000    -0.00000     0.00000    -0.04556   -99.00000   -99.00000
 156    -0.00000    -0.00000    -0.00000    -0.00000     0.00000    -0.04168   -99.00000   -99.00000
 157     0.00000     0.00000     0.00000     0.00000     0.00000     0.00000   -99.00000   -99.00000
 158     0.00001    -0.00000     0.00000     0.00000     0.00000    -0.01668   -99.00000   -99.00000
 159     0.00000    -0.00000    -0.00000    -0.00000     0.00000    -0.01725   -99.00000   -99.00000
 160    -0.00000     0.00000    -0.00001    -0.00000     0.00000     0.25217   -99.00000   -99.00000
 161     0.00000     0.00000     0.00000     0.00000     0.00000    -0.00312   -99.00000   -99.00000
 162     0.00001    -0.00000    -0.00000     0.00000     0.00000     0.30787   -99.00000   -99.00000
 163    -0.00000    -0.00000    -0.00000    -0.00000     0.00000    -0.00718   -99.00000   -99.00000
 164    -0.00000    -0.00000    -0.00000    -0.00000     0.00000    -0.01816   -99.00000   -99.00000
 165    -0.00000    -0.00000    -0.00000    -0.00000     0.00000     0.00043   -99.00000   -99.00000
 166    -0.00000    -0.00000    -0.00000    -0.00000     0.00000    -0.01734   -99.00000   -99.00000
 167     0.00000     0.00000     0.00000     0.00000     0.00000     0.00000   -99.00000   -99.00000
 168     0.00000     0.00000     0.00000     0.00000     0.00000     0.00000   -99.00000   -99.00000
 169     0.00000     0.00000     0.00000     0.00000     0.00000     0.00000   -99.00000   -99.00000
 170     0.00000     0.00000     0.00000     0.00000     0.00000     0.00000   -99.00000   -99.00000
 171     0.00000     0.00000     0.00000     0.00000     0.00000     0.00000   -99.00000   -99.00000
 172     0.00000     0.00000     0.00000     0.00000     0.00000     0.00000   -99.00000   -99.00000
 173     0.00000     0.00000     0.00000     0.00000     0.00000     0.00000   -99.00000   -99.00000
 174     0.00000     0.00000     0.00000     0.00000     0.00000     0.00000   -99.00000   -99.00000
 175     0.00001     0.00000    -0.00000     0.00000     0.00000     0.94416   -99.00000   -99.00000
 176    -0.00001    -0.00001    -0.00001    -0.00000     0.00000     0.59593   -99.00000   -99.00000
 177     0.00000     0.00000    -0.00000     0.00000     0.00000     0.91435   -99.00000   -99.00000
 178     0.00000    -0.00000    -0.00001     0.00000     0.00000     0.26055   -99.00000   -99.00000
 179    -0.00000     0.00000     0.00001    -0.00000     0.00000     0.40321   -99.00000   -99.00000
 180     0.00000     0.00000    -0.00001     0.00000     0.00000     0.30577   -99.00000   -99.00000
 181    -0.00000     0.00000     0.00000    -0.00000     0.00000     0.66471   -99.00000   -99.00000
 182     0.00000    -0.00000    -0.00000     0.00000     0.00000     0.28494   -99.00000   -99.00000
 183     0.00000    -0.00000     0.00000    -0.00000     0.00000     0.21366   -99.00000   -99.00000
 184     0.00000     0.00000    -0.00000     0.00000     0.00000     0.33792   -99.00000   -99.00000
 185    -0.00000    -0.00000     0.00000    -0.00000     0.00000     0.30882   -99.00000   -99.00000
 186    -0.00000    -0.00000     0.00001    -0.00000     0.00000     0.30447   -99.00000   -99.00000
 187    -0.00000    -0.00000    -0.00000    -0.00000     0.00000     0.05672   -99.00000   -99.00000
 188     0.00000    -0.00000     0.00000     0.00000     0.00000     0.49902   -99.00000   -99.00000
 189    -0.00000     0.00000    -0.00000     0.00000     0.00000     0.13115   -99.00000   -99.00000
 190     0.00000     0.00000     0.00000    -0.00000     0.00000     0.55105   -99.00000   -99.00000
 191     0.00000    -0.00000    -0.00000     0.00000     0.00000     0.22698   -99.00000   -99.00000
 192     0.00000     0.00000    -0.00000     0.00000     0.00000     0.34736   -99.00000   -99.00000
 193     0.00000     0.00000    -0.00000    -0.00000     0.00000     0.46255   -99.00000   -99.00000
 194     0.00000     0.00000    -0.00000     0.00000     0.00000     0.55204   -99.00000   -99.00000
 195     0.00000    -0.00000    -0.00000     0.00000     0.00000     0.61213   -99.00000   -99.00000
 196     0.00000    -0.00000    -0.00000    -0.00000     0.00000     0.63100   -99.00000   -99.00000
 197     0.00000    -0.00000    -0.00000    -0.00000     0.00000     0.69029   -99.00000   -99.00000
 198     0.00000    -0.00000    -0.00000    -0.00000     0.00000     0.73337   -99.00000   -99.00000
 199     0.00000     0.00000    -0.00000     0.00000     0.00000     0.76454   -99.00000   -99.00000
 200     0.00000     0.00000    -0.00001     0.00000     0.00000     0.75999   -99.00000   -99.00000
 201     0.00000     0.00000    -0.00001     0.00000     0.00000     0.77670   -99.00000   -99.00000
 202     0.00000     0.00000    -0.00001     0.00000     0.00000     0.80431   -99.00000   -99.00000
 203     0.00000     0.00000    -0.00001     0.00000     0.00000     0.83452   -99.00000   -99.00000
 204     0.00001     0.00000    -0.00001     0.00000     0.00000     0.81210   -99.00000   -99.00000
 205     0.00001     0.00000    -0.00001     0.00000     0.00000     0.85918   -99.00000   -99.00000
 206     0.00000     0.00000     0.00000     0.00000     0.00000     0.00000   -99.00000   -99.00000
 207    -0.00000    -0.00000     0.00000     0.00000     0.00000     0.12100   -99.00000   -99.00000
 208     0.00000    -0.00000     0.00000    -0.00000     0.00000     0.08808   -99.00000   -99.00000
 209    -0.00000    -0.00000    -0.00000    -0.00000     0.00000     0.05762   -99.00000   -99.00000
 210    -0.00000     0.00000    -0.00000    -0.00000     0.00000     0.05019   -99.00000   -99.00000
 211     0.00000     0.00000     0.00000    -0.00000     0.00000     0.04097   -99.00000   -99.00000
 212    -0.00000    -0.00000     0.00000    -0.00000     0.00000     0.03271   -99.00000   -99.00000
 213    -0.00000    -0.00000     0.00000     0.00000     0.00000     0.04252   -99.00000   -99.00000
 214     0.00000     0.00000    -0.00000     0.00000     0.00000     0.04194   -99.00000   -99.00000
 215    -0.00000     0.00000     0.00000    -0.00000     0.00000     0.03754   -99.00000   -99.00000
 216     0.00000     0.00000    -0.00000    -0.00000     0.00000     0.03311   -99.00000   -99.00000
 217     0.00000    -0.00000    -0.00000     0.00000     0.00000     0.02175   -99.00000   -99.00000
 218     0.00000     0.00001    -0.00000     0.00000     0.00000     0.70039   -99.00000   -99.00000
 219     0.00000     0.00001    -0.00001    -0.00000     0.00000     0.75300   -99.00000   -99.00000
 220     0.00000     0.00000    -0.00000     0.00000     0.00000     0.93064   -99.00000   -99.00000
 221     0.00001    -0.00000    -0.00001     0.00000     0.00000     1.01681   -99.00000   -99.00000
 222    -0.00000     0.00000     0.00001     0.00000     0.00000     0.89447   -99.00000   -99.00000
 223     0.00001     0.00000    -0.00001    -0.00000     0.00000     0.67234   -99.00000   -99.00000
 224     0.00000     0.00000    -0.00000     0.00001     0.00000     1.28206   -99.00000   -99.00000
 225     0.00001    -0.00000     0.00001     0.00000     0.00000     1.05032   -99.00000   -99.00000
 226    -0.00001     0.00001    -0.00001     0.00000     0.00000     1.04782   -99.00000   -99.00000
 227     0.00001    -0.00001    -0.00001     0.00000     0.00000     1.14738   -99.00000   -99.00000
 228    -0.00001    -0.00000    -0.00002     0.00000     0.00000     1.24553   -99.00000   -99.00000
 229    -0.00000     0.00000    -0.00000    -0.00000     0.00000     0.66407   -99.00000   -99.00000
 230     0.00000    -0.00000    -0.00000    -0.00000     0.00000     0.59629   -99.00000   -99.00000
 231    -0.00000     0.00000    -0.00000     0.00000     0.00000     1.31622   -99.00000   -99.00000
 232    -0.00000    -0.00000    -0.00000    -0.00000     0.00000     0.18314   -99.00000   -99.00000
 233     0.00000    -0.00000    -0.00000    -0.00000     0.00000     0.04374   -99.00000   -99.00000
 234     0.00000    -0.00000    -0.00000    -0.00000     0.00000     0.70520   -99.00000   -99.00000
 235    -0.00000     0.00000    -0.00000     0.00000     0.00000     0.82254   -99.00000   -99.00000
 236     0.00000     0.00000    -0.00000     0.00000     0.00000     0.89086   -99.00000   -99.00000
 237     0.00000     0.00000     0.00000    -0.00000     0.00000    -0.05571   -99.00000   -99.00000
 238    -0.00000    -0.00000    -0.00000    -0.00000     0.00000    -0.38690   -99.00000   -99.00000
 239     0.00000     0.00000    -0.00000     0.00000     0.00000    -1.44727   -99.00000   -99.00000
 240    -0.00000     0.00000     0.00000     0.00000     0.00000     1.04134   -99.00000   -99.00000
 241     0.00000    -0.00000    -0.00000    -0.00000     0.00000     0.13490   -99.00000   -99.00000
 242     0.00000     0.00000     0.00000     0.00000     0.00000     0.46575   -99.00000   -99.00000
 243     0.00000     0.00000     0.00000     0.00000     0.00000     0.00000   -99.00000   -99.00000
 244     0.00000     0.00000     0.00000     0.00000     0.00000     0.00000   -99.00000   -99.00000
 245     0.00000     0.00000     0.00000     0.00000     0.00000     0.00000   -99.00000   -99.00000
 246    -0.00000    -0.00000     0.00000    -0.00000     0.00000     0.04792   -99.00000   -99.00000
 247    -0.00000    -0.00000    -0.00000    -0.00000     0.00000     0.05250   -99.00000   -99.00000
 248     0.00000     0.00000    -0.00000     0.00000     0.00000     0.91435   -99.00000   -99.00000
 249    -0.00000     0.00000    -0.00000    -0.00000     0.00000     0.87758   -99.00000   -99.00000
 250     0.00000     0.00000     0.00000     0.00000     0.00000    -0.64935   -99.00000   -99.00000
 251     0.00000    -0.00000    -0.00000    -0.00000     0.00000     0.96108   -99.00000   -99.00000
 252    -0.00000     0.00000    -0.00000     0.00000     0.00000    -0.54362   -99.00000   -99.00000
 253     0.00000     0.00000    -0.00000     0.00000     0.00000     1.02976   -99.00000   -99.00000
 254     0.00000    -0.00000    -0.00000    -0.00000     0.00000    -0.01725   -99.00000   -99.00000
 255    -0.00000     0.00000    -0.00001    -0.00000     0.00000     0.25217   -99.00000   -99.00000
 256     0.00000     0.00000     0.00000     0.00000     0.00000    -0.00312   -99.00000   -99.00000
 257     0.00001    -0.00000    -0.00000     0.00000     0.00000     0.30787   -99.00000   -99.00000
 258    -0.00000    -0.00000    -0.00000     0.00000     0.00000     0.00021   -99.00000   -99.00000
 259     0.00000    -0.00000    -0.00000     0.00000     0.00000    -0.00540   -99.00000   -99.00000
 260     0.00000    -0.00000    -0.00000     0.00000     0.00000     0.01769   -99.00000   -99.00000
 261    -0.00000     0.00000    -0.00000     0.00000     0.00000     0.01133   -99.00000   -99.00000
 262     0.00000    -0.00000    -0.00000     0.00000     0.00000     0.02491   -99.00000   -99.00000
 263     0.00000     0.00000     0.00000     0.00000     0.00000     0.00000   -99.00000   -99.00000
 264    -0.00000    -0.00000    -0.00000    -0.00000     0.00000     0.01514   -99.00000   -99.00000
 265    -0.00000    -0.00000    -0.00000     0.00000     0.00000     0.01514   -99.00000   -99.00000
 266    -0.00000    -0.00000    -0.00000     0.00000     0.00000     0.01317   -99.00000   -99.00000
 267    -0.00000    -0.00000     0.00000    -0.00000     0.00000     0.00565   -99.00000   -99.00000
 268    -0.00000    -0.00000    -0.00000    -0.00000     0.00000    -0.02572   -99.00000   -99.00000
 269     0.00000    -0.00000    -0.00000    -0.00000     0.00000    -0.02191   -99.00000   -99.00000
 270     0.00000    -0.00000    -0.00000    -0.00000     0.00000    -0.02021   -99.00000   -99.00000
 271     0.00000    -0.00000    -0.00000     0.00000     0.00000     0.05634   -99.00000   -99.00000
 272     0.00000    -0.00000    -0.00000     0.00000     0.00000     0.06477   -99.00000   -99.00000
 273    -0.00000     0.00000    -0.00000    -0.00000     0.00000     0.02363   -99.00000   -99.00000
 274     0.00000    -0.00000    -0.00000     0.00000     0.00000     0.01638   -99.00000   -99.00000
 275    -0.00000     0.00000    -0.00000    -0.00000    -0.01649     0.04325   -99.00000   -99.00000
 276     0.00002     0.00001     0.00002     0.00001    -0.10864    -0.09172   -99.00000   -99.00000
 277    -0.00000    -0.00000    -0.00000    -0.00000     0.01755    -0.00179   -99.00000   -99.00000
 278     0.00001     0.00000     0.00000     0.00000    -0.08457    -0.06556   -99.00000   -99.00000
 279    -0.00000    -0.00001    -0.00000     0.00000     0.03048     0.00175   -99.00000   -99.00000
 280     0.00005     0.00001     0.00003     0.00001     0.04967     0.14000   -99.00000   -99.00000
 281    -0.00000    -0.00000    -0.00000     0.00000     0.04093     0.00531   -99.00000   -99.00000
 282     0.00001     0.00000     0.00001     0.00000    -0.10586    -0.03957   -99.00000   -99.00000
 283     0.00003     0.00001     0.00000     0.00000    -0.18748    -0.07210   -99.00000   -99.00000
 284    -0.00001    -0.00000    -0.00000    -0.00000     0.00181     0.00095   -99.00000   -99.00000
 285     0.00000     0.00000     0.00000     0.00000    -0.01464     0.00804   -99.00000   -99.00000
 286     0.00000    -0.00000    -0.00000     0.00000    -0.01052    -0.00468   -99.00000   -99.00000
 287    -0.00000     0.00000     0.00000     0.00000     0.00768     0.01173   -99.00000   -99.00000
 288     0.00000    -0.00000     0.00000     0.00000    -0.00946    -0.01781   -99.00000   -99.00000
 289     0.00000     0.00000     0.00000     0.00000    -0.00338     0.00639   -99.00000   -99.00000
 290     0.00000    -0.00000     0.00000    -0.00000    -0.00834    -0.00810   -99.00000   -99.00000
 291    -0.00000     0.00000    -0.00000    -0.00000     0.04859     0.00861   -99.00000   -99.00000
 292     0.00000     0.00000    -0.00000    -0.00000    -0.01175    -0.00513   -99.00000   -99.00000
 293    -0.00000     0.00000    -0.00000    -0.00000     0.04053     0.01665   -99.00000   -99.00000
 294     0.00000     0.00000     0.00000     0.00000     0.01146    -0.00132   -99.00000   -99.00000
 295    -0.00000    -0.00000    -0.00000     0.00000     0.00106    -0.01661   -99.00000   -99.00000
 296     0.00000     0.00000     0.00000     0.00000     0.01890     0.01138   -99.00000   -99.00000
 297     0.00000    -0.00000    -0.00000    -0.00000    -0.00375    -0.00900   -99.00000   -99.00000
 298    -0.00000    -0.00000    -0.00000     0.00000    -0.00033    -0.00179   -99.00000   -99.00000
 299    -0.00000     0.00000    -0.00000    -0.00000    -0.05743     0.00282   -99.00000   -99.00000
 300     0.00000     0.00000     0.00000     0.00000     0.02135     0.00014   -99.00000   -99.00000
 301     0.00000     0.00000     0.00000     0.00000    -0.03179    -0.00228   -99.00000   -99.00000
 302    -0.00001     0.00000    -0.00001    -0.00000    -0.02948    -0.00534   -99.00000   -99.00000
 303     0.00001    -0.00000     0.00001     0.00000     0.02948     0.00534   -99.00000   -99.00000
 304     0.00000     0.00000     0.00000     0.00000     0.00000     0.00000   -99.00000   -99.00000
 305     0.00000     0.00000     0.00000     0.00000     0.00000     0.00000   -99.00000   -99.00000

 QWD,WD,momwgt,msm_wgt,momwgt*msm_wgt,cntdat,numperdat,vardatinv
      -0.00000      -0.00000       1.00000       0.00000       0.00000       0    7209      Infinity
      -0.00000      -0.00001       1.00000       2.91822       2.91822     572    7209      36.77878
      -0.00000      -0.00001       1.00000       2.31792       2.31792     595    7209      28.08385
      -0.00000      -0.00001       1.00000       2.48445       2.48445     630    7209      28.42920
      -0.00000      -0.00002       1.00000       3.56266       3.56266    1340    7209      19.16656
      -0.00000      -0.00002       1.00000       4.23408       4.23408    1521    7209      20.06802
      -0.00000      -0.00002       1.00000       5.29083       5.29083    1873    7209      20.36390
      -0.00000      -0.00001       1.00000       5.83926       5.83926    1990    7209      21.15336
      -0.00000      -0.00001       1.00000       6.79151       6.79151    1973    7209      24.81500
      -0.00000      -0.00002       1.00000       9.69752       9.69752    1950    7209      35.85100
      -0.00000      -0.00002       1.00000      13.81162      13.81162    1875    7209      53.10291
      -0.00000      -0.00002       1.00000       9.90930       9.90930    1770    7209      40.35942
      -0.00000      -0.00002       1.00000       9.10411       9.10411    1658    7209      39.58476
      -0.00000      -0.00001       1.00000      12.13675      12.13675    1551    7209      56.41124
      -0.00000      -0.00002       1.00000      13.46102      13.46102    1450    7209      66.92450
      -0.00000      -0.00001       1.00000      10.09257      10.09257    1336    7209      54.45907
      -0.00000      -0.00001       1.00000      12.39690      12.39690    1224    7209      73.01408
      -0.00000      -0.00001       1.00000      12.37031      12.37031    1149    7209      77.61323
      -0.00000      -0.00002       1.00000       9.98340       9.98340    1065    7209      67.57775
       0.00000       0.00000       1.00000       0.00000       0.00000       0    7209      Infinity
       0.00000       0.00000       1.00000       0.91110       0.91110    1453    7209       4.52040
      -0.00000      -0.00000       1.00000       1.13963       1.13963    2051    7209       4.00565
       0.00000       0.00000       1.00000       0.07214       0.07214     114    7209       4.56160
      -0.00000      -0.00000       1.00000     206.85485     206.85485   38125    7209      39.11388
      -0.00000      -0.00000       1.00000       3.45909       3.45909    1230    7209      20.27364
      -0.00000      -0.00005       1.00000       6.85834       6.85834    2383    7209      20.74771
      -0.00000      -0.00040       1.00000     194.16041     194.16041   42150    7209      33.20765
      -0.00000      -0.00025       1.00000      54.87575      54.87575   16727    7209      23.65034
      -0.00000      -0.00038       1.00000     190.23277     190.23277   30907    7209      44.37144
       0.00000       0.00000       1.00000       8.54551       8.54551   11311    7209       5.44643
       0.00000       0.00000       1.00000      15.04340      15.04340   11311    7209       9.58782
       0.00000       0.00000       1.00000     111.82200     111.82200   11311    7209      71.26910
       0.00000       0.00000       1.00000     445.25166     445.25166   11311    7209     283.77855
       0.00000       0.00000       1.00000       0.13050       0.13050     215    7209       4.37571
       0.00000       0.00000       1.00000       0.17198       0.17198     215    7209       5.76659
       0.00000       0.00000       1.00000       1.09937       1.09937     215    7209      36.86204
       0.00000       0.00000       1.00000       2.16762       2.16762     215    7209      72.68082
      -0.00000      -0.00000       1.00000       0.52158       0.52158     785    7209       4.78992
      -0.00000      -0.00000       1.00000       0.22705       0.22705     366    7209       4.47215
      -0.00000      -0.00000       1.00000       0.74781       0.74781    1151    7209       4.68373
      -0.00000      -0.00000       1.00000       0.16121       0.16121     261    7209       4.45271
       0.00000       0.00000       1.00000       0.26065       0.26065     378    7209       4.97091
      -0.00000      -0.00000       1.00000       0.16582       0.16582     212    7209       5.63873
      -0.00000      -0.00000       1.00000       0.07049       0.07049      83    7209       6.12270
      -0.00000      -0.00000       1.00000       0.33293       0.33293     532    7209       4.51139
       0.00000       0.00000       1.00000       0.15893       0.15893     246    7209       4.65747
      -0.00000      -0.00000       1.00000       0.14486       0.14486     170    7209       6.14300
      -0.00000      -0.00000       1.00000       0.17155       0.17155     232    7209       5.33074
       0.00000       0.00000       1.00000       0.19411       0.19411     325    7209       4.30568
      -0.00000      -0.00000       1.00000       0.02331       0.02331      43    7209       3.90749
       0.00000       0.00000       1.00000       0.00007       0.00007      43    7209       0.01198
      -0.00000      -0.00000       1.00000       0.05329       0.05329      67    7209       5.73420
      -0.00000      -0.00000       1.00000       0.00016       0.00016      67    7209       0.01749
      -0.00000      -0.00000       1.00000       0.06282       0.06282      83    7209       5.45587
      -0.00000      -0.00000       1.00000       0.07010       0.07010     110    7209       4.59441
      -0.00000      -0.00000       1.00000       0.07935       0.07935     127    7209       4.50413
      -0.00000      -0.00000       1.00000       0.08528       0.08528     137    7209       4.48731
      -0.00000      -0.00000       1.00000       0.05860       0.05860     140    7209       3.01752
      -0.00000      -0.00000       1.00000       0.06368       0.06368     125    7209       3.67246
      -0.00000      -0.00000       1.00000       0.07730       0.07730     127    7209       4.38787
      -0.00000      -0.00000       1.00000       0.05651       0.05651     129    7209       3.15793
      -0.00000      -0.00000       1.00000       0.05645       0.05645     118    7209       3.44861
      -0.00000      -0.00000       1.00000       0.04068       0.04068     108    7209       2.71561
      -0.00000      -0.00000       1.00000       0.04725       0.04725      97    7209       3.51181
      -0.00000      -0.00000       1.00000       0.03556       0.03556      80    7209       3.20419
      -0.00000      -0.00000       1.00000       0.03054       0.03054      78    7209       2.82260
      -0.00000      -0.00000       1.00000       0.03056       0.03056      83    7209       2.65470
      -0.00000      -0.00000       1.00000       0.02961       0.02961      83    7209       2.57161
       0.00000       0.00000       1.00000       0.00000       0.00000       0    7209      Infinity
      -0.00000      -0.00000       0.00000       0.10148       0.00000     116    7209       6.30668
       0.00000       0.00000       0.00000       0.59487       0.00000     692    7209       6.19713
       0.00000       0.00000       0.00000       1.41235       0.00000    1335    7209       7.62669
       0.00000       0.00000       0.00000       1.84030       0.00000    1583    7209       8.38075
       0.00000       0.00000       0.00000       1.87777       0.00000    1614    7209       8.38712
       0.00000       0.00000       0.00000       1.95249       0.00000    1526    7209       9.22381
      -0.00000      -0.00000       0.00000       1.69837       0.00000    1363    7209       8.98280
      -0.00000      -0.00000       0.00000       1.31455       0.00000    1234    7209       7.67955
       0.00000       0.00000       0.00000       1.24370       0.00000    1087    7209       8.24821
       0.00000       0.00000       0.00000       0.95530       0.00000     965    7209       7.13651
       0.00000       0.00000       0.00000       0.96089       0.00000     829    7209       8.35588
       0.00000       0.00000       0.00000       0.00490       0.00000      10    7209       3.53486
       0.00000       0.00000       0.00000       0.02641       0.00000      43    7209       4.42836
      -0.00000      -0.00000       0.00000       0.06092       0.00000      79    7209       5.55874
       0.00000       0.00000       0.00000       0.05239       0.00000      75    7209       5.03555
      -0.00000      -0.00000       0.00000       0.04455       0.00000      50    7209       6.42374
       0.00000       0.00000       0.00000       0.05002       0.00000      37    7209       9.74609
       0.00000       0.00000       0.00000       0.02607       0.00000      39    7209       4.81867
       0.00000       0.00000       0.00000       0.02488       0.00000      23    7209       7.79903
       0.00000       0.00000       0.00000       0.00746       0.00000      21    7209       2.56090
      -0.00000      -0.00000       0.00000       0.00214       0.00000      13    7209       1.18719
       0.00000       0.00000       0.00000       0.00822       0.00000      10    7209       5.92403
      -0.00000      -0.00001       1.00000       8.99128       8.99128   17786    7209       3.64434
      -0.00000      -0.00000       1.00000       0.02464       0.02464   17786    7209       0.00999
      -0.00000      -0.00002       1.00000       9.99483       9.99483   24711    7209       2.91582
      -0.00000      -0.00000       1.00000       0.02531       0.02531   24711    7209       0.00738
      -0.00000      -0.00000       1.00000       0.07935       0.07935     144    7209       3.97266
      -0.00000      -0.00000       1.00000       0.37515       0.37515     716    7209       3.77716
      -0.00000      -0.00000       1.00000       0.26569       0.26569     550    7209       3.48242
      -0.00000      -0.00000       1.00000       0.21432       0.21432     478    7209       3.23221
       0.00000       0.00001       1.00000      74.37413      74.37413   17786    7209      30.14523
      -0.00000      -0.00000       1.00000      37.95548      37.95548   17786    7209      15.38407
       0.00000       0.00001       1.00000      23.68368      23.68368   17786    7209       9.59944
       0.00000       0.00002       1.00000      17.60430      17.60430   17786    7209       7.13535
      -0.00000      -0.00000       1.00000      16.04329      16.04329   17786    7209       6.50265
      -0.00000      -0.00003       1.00000      16.13869      16.13869   17786    7209       6.54131
       0.00000       0.00000       1.00000      21.57810      21.57810   17786    7209       8.74601
       0.00000       0.00000       1.00000      54.70560      54.70560   17786    7209      22.17321
       0.00000       0.00000       1.00000     200.16284     200.16284   17786    7209      81.12976
       0.00000       0.00000       1.00000      42.28615      42.28615   36810    7209       8.28147
       0.00000       0.00000       1.00000      30.79803      30.79803   36810    7209       6.03160
      -0.00000      -0.00000       1.00000       0.74781       0.74781    1151    7209       4.68373
      -0.00000      -0.00000       1.00000       0.50242       0.50242    1151    7209       3.14681
       0.00000       0.00000       1.00000       0.20434       0.20434     537    7209       2.74317
      -0.00000      -0.00000       1.00000       0.12101       0.12101     537    7209       1.62449
       0.00000       0.00000       0.00000       0.01326       0.00000      26    7209       3.67590
      -0.00000      -0.00000       0.00000       0.01459       0.00000      26    7209       4.04399
      -0.00000      -0.00000       1.00000       1.13963       1.13963    2051    7209       4.00565
       0.00000       0.00000       1.00000       0.07214       0.07214     114    7209       4.56160
      -0.00000      -0.00000       1.00000     206.85485     206.85485   38125    7209      39.11388
      -0.00000      -0.00000       1.00000       3.45909       3.45909    1230    7209      20.27364
      -0.00000      -0.00000       1.00000       0.77710       0.77710    1278    7209       4.38348
      -0.00000      -0.00000       1.00000       0.22597       0.22597     397    7209       4.10333
      -0.00000      -0.00018       1.00000     121.45383     121.45383   45225    7209      19.36010
      -0.00000      -0.00006       1.00000      43.42318      43.42318   19168    7209      16.33127
      -0.00000      -0.00013       1.00000      81.30839      81.30839   26057    7209      22.49500
       0.00000       0.00000       0.00000       0.00000       0.00000       0    7209      Infinity
      -0.00000      -0.00000       1.00000       0.17167       0.17167     178    7209       6.95282
      -0.00000      -0.00000       1.00000       0.42665       0.42665     321    7209       9.58164
      -0.00000      -0.00000       1.00000       0.79142       0.79142     434    7209      13.14601
      -0.00000      -0.00000       1.00000       1.41336       1.41336    1052    7209       9.68525
      -0.00000      -0.00001       1.00000       1.93525       1.93525    1339    7209      10.41911
      -0.00000      -0.00001       1.00000       2.69660       2.69660    1580    7209      12.30366
      -0.00000      -0.00001       1.00000       3.52618       3.52618    1749    7209      14.53414
       0.00000       0.00000       1.00000       5.86506       5.86506    1742    7209      24.27166
      -0.00000      -0.00000       1.00000       4.07720       4.07720    1198    7209      24.53466
      -0.00000      -0.00009       1.00000      29.82872      29.82872   15579    7209      13.80289
      -0.00000      -0.00011       1.00000     102.13789     102.13789   29646    7209      24.83681
      -0.00000      -0.00000       1.00000       0.00000       0.00000       0    7209      Infinity
      -0.00000      -0.00000       1.00000       2.26482       2.26482     626    7209      26.08160
      -0.00000      -0.00000       1.00000       1.74473       1.74473     680    7209      18.49674
      -0.00000      -0.00000       1.00000       2.75205       2.75205     718    7209      27.63167
      -0.00000      -0.00001       1.00000       4.58032       4.58032    1686    7209      19.58453
      -0.00000      -0.00001       1.00000       5.72533       5.72533    1829    7209      22.56639
      -0.00000      -0.00001       1.00000       6.13546       6.13546    2021    7209      21.88547
      -0.00000      -0.00000       1.00000       6.31867       6.31867    2031    7209      22.42802
      -0.00000      -0.00001       1.00000      11.09833      11.09833    1994    7209      40.12429
      -0.00000      -0.00001       1.00000      10.60948      10.60948    1949    7209      39.24256
       0.00000       0.00000       1.00000       9.64435       9.64435    1857    7209      37.44000
      -0.00000      -0.00001       1.00000      10.43370      10.43370    1756    7209      42.83403
      -0.00000      -0.00002       1.00000      12.82155      12.82155    1650    7209      56.01852
      -0.00000      -0.00002       1.00000      11.22697      11.22697    1543    7209      52.45316
      -0.00000      -0.00003       1.00000      14.03822      14.03822    1481    7209      68.33326
      -0.00000      -0.00002       1.00000      14.25569      14.25569    1351    7209      76.06906
      -0.00000      -0.00002       1.00000      16.76740      16.76740    1247    7209      96.93361
      -0.00000      -0.00002       1.00000      11.76845      11.76845    1157    7209      73.32652
      -0.00000      -0.00002       1.00000       9.45773       9.45773    1068    7209      63.83970
       0.00000       0.00000       1.00000       0.00000       0.00000       0    7209      Infinity
       0.00000       0.00001       1.00000       0.90768       0.90768    1421    7209       4.60484
       0.00000       0.00000       1.00000      18.29626      18.29626   18841    7209       7.00057
      -0.00000      -0.00000       1.00000       0.52908       0.52908     639    7209       5.96891
       0.00000       0.00000       1.00000      31.60472      31.60472   24483    7209       9.30598
       0.00000       0.00000       1.00000       0.56814       0.56814     692    7209       5.91870
      -0.00000      -0.00010       1.00000      89.54329      89.54329   20393    7209      31.65388
      -0.00000      -0.00018       1.00000     139.69372     139.69372   26885    7209      37.45776
      -0.00000      -0.00008       1.00000      47.29614      47.29614   14463    7209      23.57449
      -0.00000      -0.00024       1.00000     219.14727     219.14727   34685    7209      45.54801
       0.00000       0.00000       1.00000       8.41410       8.41410   10947    7209       5.54099
       0.00000       0.00000       1.00000      88.12491      88.12491   10947    7209      58.03348
       0.00000       0.00000       1.00000      14.69652      14.69652   10947    7209       9.67819
       0.00000       0.00000       1.00000     417.10466     417.10466   10947    7209     274.67867
       0.00000       0.00000       1.00000       0.11735       0.11735     198    7209       4.27245
       0.00000       0.00000       1.00000       0.93469       0.93469     198    7209      34.03125
       0.00000       0.00000       1.00000       0.15891       0.15891     198    7209       5.78571
       0.00000       0.00000       1.00000       1.38758       1.38758     198    7209      50.52062
       0.00000       0.00000       1.00000       0.26284       0.26284     364    7209       5.20545
      -0.00000      -0.00000       1.00000       0.19571       0.19571     175    7209       8.06211
       0.00000       0.00000       1.00000       0.43873       0.43873     539    7209       5.86786
       0.00000       0.00000       1.00000       0.16236       0.16236     231    7209       5.06695
      -0.00000      -0.00000       1.00000       0.17579       0.17579     227    7209       5.58261
       0.00000       0.00000       1.00000       0.19795       0.19795     188    7209       7.59041
      -0.00000      -0.00000       1.00000       0.06260       0.06260      61    7209       7.39822
       0.00000       0.00000       1.00000       0.24030       0.24030     335    7209       5.17105
       0.00000       0.00000       1.00000       0.08601       0.08601     161    7209       3.85125
       0.00000       0.00000       1.00000       0.06376       0.06376     131    7209       3.50874
      -0.00000      -0.00000       1.00000       0.12377       0.12377     190    7209       4.69609
      -0.00000      -0.00000       1.00000       0.09231       0.09231     149    7209       4.46607
      -0.00000      -0.00000       1.00000       0.02113       0.02113      30    7209       5.07869
       0.00000       0.00000       1.00000       0.00007       0.00007      30    7209       0.01659
      -0.00000      -0.00000       1.00000       0.05865       0.05865      48    7209       8.80805
       0.00000       0.00000       1.00000       0.00019       0.00019      48    7209       0.02805
       0.00000       0.00000       1.00000       0.04743       0.04743      58    7209       5.89535
       0.00000       0.00000       1.00000       0.05500       0.05500      68    7209       5.83073
       0.00000       0.00000       1.00000       0.03798       0.03798      70    7209       3.91144
       0.00000       0.00000       1.00000       0.05265       0.05265      64    7209       5.93031
       0.00000       0.00000       1.00000       0.04191       0.04191      74    7209       4.08260
       0.00000       0.00000       1.00000       0.04956       0.04956      73    7209       4.89403
       0.00000       0.00000       1.00000       0.06414       0.06414      75    7209       6.16524
       0.00000       0.00000       1.00000       0.05159       0.05159      80    7209       4.64865
       0.00000       0.00000       1.00000       0.04185       0.04185      73    7209       4.13270
       0.00000       0.00000       1.00000       0.04053       0.04053      80    7209       3.65208
       0.00000       0.00000       1.00000       0.03988       0.03988      69    7209       4.16647
       0.00000       0.00000       1.00000       0.04237       0.04237      68    7209       4.49211
       0.00000       0.00000       1.00000       0.04210       0.04210      59    7209       5.14353
       0.00000       0.00000       1.00000       0.03351       0.03351      60    7209       4.02679
       0.00000       0.00000       1.00000       0.03093       0.03093      50    7209       4.46014
       0.00000       0.00000       1.00000       0.00000       0.00000       0    7209      Infinity
      -0.00000      -0.00000       0.00000       0.07316       0.00000      98    7209       5.38210
       0.00000       0.00000       0.00000       0.79105       0.00000     571    7209       9.98717
      -0.00000      -0.00000       0.00000       1.03312       0.00000     827    7209       9.00574
      -0.00000      -0.00000       0.00000       1.08376       0.00000     850    7209       9.19159
       0.00000       0.00000       0.00000       1.26571       0.00000     841    7209      10.84956
      -0.00000      -0.00000       0.00000       1.13963       0.00000     780    7209      10.53280
      -0.00000      -0.00000       0.00000       0.86222       0.00000     763    7209       8.14647
       0.00000       0.00000       0.00000       1.01878       0.00000     721    7209      10.18635
      -0.00000      -0.00000       0.00000       0.88344       0.00000     676    7209       9.42123
       0.00000       0.00000       0.00000       0.79799       0.00000     589    7209       9.76694
       0.00000       0.00000       0.00000       0.95401       0.00000     506    7209      13.59188
       0.00000       0.00000       0.00000       0.00111       0.00000       4    7209       2.00646
       0.00000       0.00000       0.00000       0.02498       0.00000      23    7209       7.83090
       0.00000       0.00000       0.00000       0.04479       0.00000      48    7209       6.72741
       0.00000       0.00000       0.00000       0.03502       0.00000      38    7209       6.64325
      -0.00000      -0.00000       0.00000       0.01202       0.00000      16    7209       5.41567
       0.00000       0.00000       0.00000       0.01518       0.00000      15    7209       7.29769
       0.00000       0.00000       0.00000       0.00492       0.00000       9    7209       3.94186
       0.00000       0.00000       0.00000       0.01506       0.00000      10    7209      10.85369
      -0.00000      -0.00000       0.00000       0.00400       0.00000       9    7209       3.20752
       0.00000       0.00000       0.00000       0.01182       0.00000       9    7209       9.46687
      -0.00000      -0.00000       0.00000       0.05998       0.00000       5    7209      86.48039
      -0.00000      -0.00000       1.00000       6.36858       6.36858   11072    7209       4.14660
       0.00000       0.00000       1.00000       0.01892       0.01892   11072    7209       0.01232
      -0.00000      -0.00000       1.00000       7.17881       7.17881   15685    7209       3.29946
      -0.00000      -0.00000       1.00000       0.01970       0.01970   15685    7209       0.00905
       0.00000       0.00000       1.00000       0.10105       0.10105     150    7209       4.85641
       0.00000       0.00000       1.00000       0.22110       0.22110     364    7209       4.37885
      -0.00000      -0.00000       1.00000       0.22726       0.22726     374    7209       4.38056
       0.00000       0.00000       1.00000       0.21977       0.21977     319    7209       4.96643
       0.00000       0.00001       1.00000      18.07722      18.07722   11072    7209      11.77011
      -0.00000      -0.00001       1.00000      11.04541      11.04541   11072    7209       7.19169
       0.00000       0.00001       1.00000       9.15177       9.15177   11072    7209       5.95874
      -0.00000      -0.00001       1.00000       9.60692       9.60692   11072    7209       6.25509
       0.00000       0.00000       1.00000      13.35442      13.35442   11072    7209       8.69509
       0.00000       0.00000       1.00000      23.87863      23.87863   11072    7209      15.54742
       0.00000       0.00000       1.00000      54.88869      54.88869   11072    7209      35.73813
       0.00000       0.00000       1.00000     294.73393     294.73393   11072    7209     191.90182
       0.00000       0.00000       1.00000    2430.82524    2430.82524   11072    7209    1582.71492
      -0.00000      -0.00000       1.00000      28.45317      28.45317   21179    7209       9.68501
      -0.00000      -0.00000       1.00000      29.93193      29.93193   21179    7209      10.18836
       0.00000       0.00000       1.00000       0.43873       0.43873     539    7209       5.86786
      -0.00000      -0.00000       1.00000       0.51096       0.51096     539    7209       6.83391
       0.00000       0.00000       1.00000       0.44027       0.44027     923    7209       3.43871
       0.00000       0.00000       1.00000       0.45146       0.45146     923    7209       3.52612
      -0.00000      -0.00000       0.00000       0.01219       0.00000      33    7209       2.66220
       0.00000       0.00000       0.00000       0.01371       0.00000      33    7209       2.99586
       0.00000       0.00000       1.00000      18.29626      18.29626   18841    7209       7.00057
      -0.00000      -0.00000       1.00000       0.52908       0.52908     639    7209       5.96891
       0.00000       0.00000       1.00000      31.60472      31.60472   24483    7209       9.30598
       0.00000       0.00000       1.00000       0.56814       0.56814     692    7209       5.91870
      -0.00000      -0.00000       1.00000       2.89142       2.89142    4532    7209       4.59935
       0.00000       0.00000       1.00000       2.50342       2.50342    2912    7209       6.19752
       0.00000       0.00002       1.00000      27.00054      27.00054   47763    7209       4.07527
      -0.00000      -0.00000       1.00000      12.41861      12.41861   22380    7209       4.00026
       0.00000       0.00003       1.00000      15.01207      15.01207   25383    7209       4.26356
       0.00000       0.00000       0.00000       0.00000       0.00000       0    7209      Infinity
      -0.00000      -0.00000       1.00000       0.21338       0.21338     374    7209       4.11303
      -0.00000      -0.00000       1.00000       0.28711       0.28711     511    7209       4.05040
      -0.00000      -0.00000       1.00000       0.33577       0.33577     605    7209       4.00089
      -0.00000      -0.00000       1.00000       0.83388       0.83388    1489    7209       4.03724
      -0.00000      -0.00000       1.00000       0.96550       0.96550    1697    7209       4.10153
       0.00000       0.00000       1.00000       1.06688       1.06688    1853    7209       4.15063
       0.00000       0.00000       1.00000       1.10986       1.10986    1960    7209       4.08212
       0.00000       0.00000       1.00000       0.98159       0.98159    1751    7209       4.04129
       0.00000       0.00000       1.00000       0.71887       0.71887    1233    7209       4.20304
      -0.00000      -0.00000       1.00000      10.83267      10.83267   13850    7209       5.63847
       0.00000       0.00002       1.00000      18.83260      18.83260   33913    7209       4.00331
      -0.00000      -0.00000       1.00000       0.51233       0.51233     498    7209       7.41639
       0.00000       0.00000       1.00000       0.17559       0.17559     316    7209       4.00578
      -0.00000      -0.00000       1.00000       0.19929       0.19929     272    7209       5.28193
       0.00000       0.00000       1.00000       0.14705       0.14705     178    7209       5.95564
      -0.00000      -0.00000       1.00000       0.30619       0.30619     492    7209       4.48641
       0.00000       0.00001       1.00000       0.22188       0.22188     283    7209       5.65201
      -0.00000      -0.00000       1.00000       0.14980       0.14980     250    7209       4.31958
       0.00000       0.00000       1.00000       0.15616       0.15616     280    7209       4.02051
       0.00000       0.00001       1.00000       0.16989       0.16989     305    7209       4.01558
      -0.00000      -0.00001       1.00000       2.80542       2.80542    2615    7209       7.73394
       0.00000       0.00001       1.00000       3.03435       3.03435    2615    7209       8.36505
       0.00000       0.00000       1.00000       4.68839       4.68839    2615    7209      12.92489
      -0.00000      -0.00000       1.00000       7.90942       7.90942    2615    7209      21.80459
       0.00000       0.00000       1.00000       2.79395       2.79395    2615    7209       7.70232
       0.00000       0.00001       1.00000       3.95668       3.95668    2615    7209      10.90772
       0.00000       0.00000       1.00000       4.89016       4.89016    2615    7209      13.48114
      -0.00000      -0.00002       1.00000       4.03732       4.03732    2615    7209      11.13003
       0.00000       0.00001       1.00000       3.01349       3.01349    2615    7209       8.30755
      -0.00000      -0.00001       1.00000       2.53714       2.53714    2615    7209       6.99437
       0.00000       0.00000       1.00000       3.71257       3.71257    2615    7209      10.23478
      -0.00000      -0.00001       1.00000       4.15087       4.15087    2615    7209      11.44308
       0.00000       0.00000       1.00000       6.27826       6.27826    2615    7209      17.30784
       0.00000       0.00000       1.00000       2.55507       2.55507    2615    7209       7.04379
      -0.00000      -0.00000       1.00000       4.03732       4.03732    2615    7209      11.13003
      -0.00000      -0.00000       1.00000       4.46933       4.46933    2615    7209      12.32099
       0.00000       0.00000       1.00000       4.19536       4.19536    2615    7209      11.56571
       0.00000       0.00002       1.00000       3.91772       3.91772    2615    7209      10.80032
      -0.00000      -0.00001       1.00000       0.73287       0.73287    1313    7209       4.02381
       0.00000       0.00001       1.00000       0.73287       0.73287    1313    7209       4.02381
       0.00000       0.00000       1.00000       9.05264       9.05264    9645    7209       6.76625
       0.00000       0.00000       1.00000      42.11831      42.11831   48428    7209       6.26974

 DpWDinv(kk,kk)
     769503411.85534
    1202898251.41209
    1062511025.82920
    3802914960.41439
             0.00965
             0.01833

 SEmat
          6738.82797
         19330.74889
          8419.14127
         31226.74505
             0.00000
             0.00000

