  iter  itm1               parname  kk  ka    pars(kk)  pars1(kk)  realp(kk) realp1(kk)     step   dtheta      val     val1
     3     2       emp,cur,m         1   1       1.16       0.16       0.73       0.50    -1.00    -0.23   254.07   254.71
     4     3       emp,cur,m         2   2      -1.84      -2.84       0.04       0.01    -1.00    -0.02   254.07   254.63
     5     4       emp,of,m          3   3       3.21       2.21       0.96       0.90    -1.00    -0.06   254.07   254.04
     6     5       emp,cur,f         5   4       1.36       2.36       0.62       0.82     1.00     0.20   254.07   257.99
     7     6       emp,cur,f         6   5       0.32       1.32       0.22       0.43     1.00     0.21   254.07   255.08
     8     7       emp,of,f          7   6       1.30       2.30       0.79       0.91     1.00     0.12   254.07   254.18
     9     8       u,cur,m           9   7       3.73       2.73       0.98       0.94    -1.00    -0.04   254.07   254.45
    10     9       u,of,m           10   8      -0.02      -1.02       0.49       0.26    -1.00    -0.23   254.07   255.03
    11    10       u,cur,f          11   9       2.21       3.21       0.90       0.96     1.00     0.06   254.07   254.15
    12    11       u,of,f           12  10      -1.09      -0.09       0.25       0.48     1.00     0.23   254.07   254.33
    13    12       uhomet 1         14  11    6909.49   13818.98    6909.49   13818.98  6909.49  6909.49   254.07   254.33
    14    13       uhomet 2         15  12    3449.62    6899.25    3449.62    6899.25  3449.62  3449.62   254.07   254.03
    15    14       p(ex=2|ex=1),e   16  13      -0.18       0.82       0.46       0.69     1.00     0.24   254.07   254.15
    16    15       uhomet 3         24  14    6107.24    9160.85    6107.24    9160.85  3053.62  3053.62   254.07   253.98
    17    16       kcst             25  15     520.46   -1479.54     520.46   -1479.54 -2000.00 -2000.00   254.07   253.93
    18    17       uloc             33  16    8571.91   42859.54    8571.91   42859.54 34287.63 34287.63   254.07   255.22
    19    18       uloc             35  17   11302.82   56514.09   11302.82   56514.09 45211.27 45211.27   254.07   256.11
    20    19       uloc             36  18    1371.58    6857.92    1371.58    6857.92  5486.33  5486.33   254.07   254.18
    21    20       uloc             37  19   11090.78   55453.88   11090.78   55453.88 44363.10 44363.10   254.07   255.51
    22    21       uloc             38  20   -3546.02  -17730.10   -3546.02  -17730.10-14184.08-14184.08   254.07   254.11
    23    22       uloc             39  21   10627.64   53138.18   10627.64   53138.18 42510.55 42510.55   254.07   255.96
    24    23       uloc             40  22    5305.27   26526.34    5305.27   26526.34 21221.07 21221.07   254.07   255.57
    25    24       uloc             41  23    5118.80   25594.00    5118.80   25594.00 20475.20 20475.20   254.07   255.59
    26    25       alf10            42  24       0.02       0.32       0.02       0.32     0.30     0.30   254.07   253.54
    27    26       alf10            43  25       0.18       0.48       0.18       0.48     0.30     0.30   254.07   253.94
    28    27       alf10            44  26       0.00       0.30       0.00       0.30     0.30     0.30   254.07   253.52
    29    28       alf10            45  27       0.11       0.41       0.11       0.41     0.30     0.30   254.07   253.93
    30    29       alf10            47  28      -0.09       0.21      -0.09       0.21     0.30     0.30   254.07   254.04
    31    30       alf10            48  29       0.18       0.48       0.18       0.48     0.30     0.30   254.07   254.40
    32    31       alf10            49  30       0.11       0.41       0.11       0.41     0.30     0.30   254.07   253.68
    33    32       alf10            50  31       0.06       0.36       0.06       0.36     0.30     0.30   254.07   253.72
    34    33       alf11            51  32      -0.47       0.03       0.38       0.51     0.50     0.12   254.07   254.27
    35    34       alf12            52  33      -0.79      -0.29       0.31       0.43     0.50     0.12   254.07   253.70
    36    35       alf20            54  34       0.08       0.38       0.08       0.38     0.30     0.30   254.07   254.09
    37    36       alf20            55  35      -0.08       0.22      -0.08       0.22     0.30     0.30   254.07   253.98
    38    37       alf20            56  36       0.00       0.30       0.00       0.30     0.30     0.30   254.07   254.40
    39    38       alf20            57  37       0.10       0.40       0.10       0.40     0.30     0.30   254.07   254.06
    40    39       alf20            59  38      -0.15       0.15      -0.15       0.15     0.30     0.30   254.07   254.03
    41    40       alf20            60  39       0.04       0.34       0.04       0.34     0.30     0.30   254.07   254.30
    42    41       alf20            61  40       0.05       0.35       0.05       0.35     0.30     0.30   254.07   253.98
    43    42       alf20            62  41      -0.03       0.27      -0.03       0.27     0.30     0.30   254.07   253.88
    44    43       alf21            63  42      -0.67      -0.37       0.34       0.41     0.30     0.07   254.07   254.09
    45    44       alf22            64  43      -1.21      -0.91       0.23       0.29     0.30     0.06   254.07   254.19
    46    45       uhomet 4         65  44    7089.28   14178.56    7089.28   14178.56  7089.28  7089.28   254.07   254.01
    47    46       sig_wge          66  45      -1.06      -0.06       0.26       0.48     1.00     0.23   254.07   257.57
    48    47       sig_wge          67  46      -1.22      -0.22       0.23       0.45     1.00     0.22   254.07   255.25
    49    48       sigo_m           68  47      -2.26      -1.76   28382.45   44088.83     0.50 15706.38   254.07   256.57
    50    49       sigo_f           69  48      -2.33      -1.83   26664.94   41566.32     0.50 14901.38   254.07   257.41
    51    50       alf1t            72  49       9.21       9.51       9.21       9.51     0.30     0.30   254.07   254.31
    52    51       alf2t            73  50       8.67       8.97       8.67       8.97     0.30     0.30   254.07   257.33
    53    52       cst              74  51  -15712.92  -25712.92  -15712.92  -25712.92-10000.00-10000.00   254.07   253.97
    54    53       ptypehs          76  52      -0.59       0.41       0.15       0.33     1.00     0.18   254.07   254.00
    55    54       ptypecol         77  53      -2.18      -1.18       0.05       0.13     1.00     0.08   254.07   254.05
    56    55       alf1t            78  54       9.29       9.59       9.29       9.59     0.30     0.30   254.07   253.85
    57    56       alf2t            79  55       8.86       9.16       8.86       9.16     0.30     0.30   254.07   253.98
    58    57       cst              80  56  -13333.43  -23333.43  -13333.43  -23333.43-10000.00-10000.00   254.07   253.98
    59    58       ptypehs          82  57       0.45       1.45       0.44       0.68     1.00     0.24   254.07   255.48
    60    59       ptypecol         83  58      -0.48       0.52       0.28       0.51     1.00     0.23   254.07   254.46
    61    60       alf1t            84  59       8.85       9.15       8.85       9.15     0.30     0.30   254.07   254.29
    62    61       alf2t            85  60       9.08       9.38       9.08       9.38     0.30     0.30   254.07   254.47
    63    62       cst              86  61  -19825.12  -29825.12  -19825.12  -29825.12-10000.00-10000.00   254.07   254.02
    64    63       ptypehs          88  62      -0.78       0.22       0.13       0.28     1.00     0.16   254.07   254.05
    65    64       ptypecol         89  63      -0.70       0.30       0.22       0.44     1.00     0.21   254.07   254.21
    66    65       alf1t            90  64       9.03       9.33       9.03       9.33     0.30     0.30   254.07   254.05
    67    66       alf2t            91  65       8.77       9.07       8.77       9.07     0.30     0.30   254.07   254.43
    68    67       cst              92  66  -19075.93  -29075.93  -19075.93  -29075.93-10000.00-10000.00   254.07   254.03
 standard errors:
emp,cur,m           1.16265     0.73394     0.16265     0.50367    -0.23026     0.73394    (     0.06972)
emp,cur,m          -1.83592     0.03659    -2.83592     0.01378    -0.02281     0.03659    (     0.00969)
emp,of,m            3.21142     0.96126     2.21142     0.90127    -0.05999     0.96126    (     0.00791)
emp,cur,f           1.35972     0.62080     2.35972     0.81652     0.19572     0.62080    (     0.03925)
emp,cur,f           0.32154     0.21982     1.32154     0.43372     0.21390     0.21982    (     0.02812)
emp,of,f            1.30294     0.78633     2.30294     0.90912     0.12279     0.78633    (     0.01947)
u,cur,m             3.73074     0.97659     2.73074     0.93882    -0.03777     0.97659    (     0.00821)
u,of,m             -0.02243     0.49439    -1.02243     0.26455    -0.22984     0.49439    (     0.01294)
u,cur,f             2.20889     0.90104     3.20889     0.96117     0.06012     0.90104    (     0.01679)
u,of,f             -1.08658     0.25226    -0.08658     0.47837     0.22611     0.25226    (     0.02545)
uhomet 1         6909.48989  6909.48989 13818.97978 13818.97978  6909.48989  6909.48989    (  2171.99052)
uhomet 2         3449.62420  3449.62420  6899.24840  6899.24840  3449.62420  3449.62420    (  2480.28799)
p(ex=2|ex=1),e     -0.17834     0.45553     0.82166     0.69459     0.23906     0.45553    (     0.07246)
uhomet 3         6107.23527  6107.23527  9160.85291  9160.85291  3053.61764  6107.23527    (   877.05353)
kcst              520.45923   520.45923 -1479.54077 -1479.54077 -2000.00000   520.45923    (  1159.65825)
uloc             8571.90857  8571.90857 42859.54284 42859.54284 34287.63427  8571.90857    (   429.46380)
uloc            11302.81856 11302.81856 56514.09281 56514.09281 45211.27425 11302.81856    (   699.09084)
uloc             1371.58321  1371.58321  6857.91607  6857.91607  5486.33286  1371.58321    (   438.69036)
uloc            11090.77580 11090.77580 55453.87902 55453.87902 44363.10322 11090.77580    (   543.76316)
uloc            -3546.02068 -3546.02068-17730.10341-17730.10341-14184.08273 -3546.02068    (  1132.52250)
uloc            10627.63644 10627.63644 53138.18221 53138.18221 42510.54576 10627.63644    (   761.66622)
uloc             5305.26804  5305.26804 26526.34021 26526.34021 21221.07217  5305.26804    (   206.00826)
uloc             5118.79901  5118.79901 25593.99506 25593.99506 20475.19605  5118.79901    (   170.53831)
alf10               0.01748     0.01748     0.31748     0.31748     0.30000     0.01748    (     0.01051)
alf10               0.18321     0.18321     0.48321     0.48321     0.30000     0.18321    (     0.02481)
alf10               0.00000     0.00000     0.30000     0.30000     0.30000     0.00000    (     0.01186)
alf10               0.11094     0.11094     0.41094     0.41094     0.30000     0.11094    (     0.02599)
alf10              -0.09209    -0.09209     0.20791     0.20791     0.30000    -0.09209    (     0.01946)
alf10               0.17995     0.17995     0.47995     0.47995     0.30000     0.17995    (     0.02395)
alf10               0.10940     0.10940     0.40940     0.40940     0.30000     0.10940    (     0.01720)
alf10               0.05705     0.05705     0.35705     0.35705     0.30000     0.05705    (     0.01405)
alf11              -0.46886     0.38489     0.03114     0.50778     0.12290     0.38489    (     0.06845)
alf12              -0.78863     0.31246    -0.28863     0.42834     0.11588     0.31246    (     0.04169)
alf20               0.08286     0.08286     0.38286     0.38286     0.30000     0.08286    (     0.00951)
alf20              -0.07850    -0.07850     0.22150     0.22150     0.30000    -0.07850    (     0.01900)
alf20               0.00000     0.00000     0.30000     0.30000     0.30000     0.00000    (     0.01292)
alf20               0.09956     0.09956     0.39956     0.39956     0.30000     0.09956    (     0.01783)
alf20              -0.15217    -0.15217     0.14783     0.14783     0.30000    -0.15217    (     0.01536)
alf20               0.04071     0.04071     0.34071     0.34071     0.30000     0.04071    (     0.01741)
alf20               0.04515     0.04515     0.34515     0.34515     0.30000     0.04515    (     0.01856)
alf20              -0.03001    -0.03001     0.26999     0.26999     0.30000    -0.03001    (     0.01553)
alf21              -0.66845     0.33884    -0.36845     0.40892     0.07007     0.33884    (     0.05632)
alf22              -1.21148     0.22944    -0.91148     0.28670     0.05726     0.22944    (     0.01703)
uhomet 4         7089.28106  7089.28106 14178.56211 14178.56211  7089.28106  7089.28106    (  4907.25743)
sig_wge            -1.06415     0.25652    -0.06415     0.48397     0.22745     0.25652    (     0.00723)
sig_wge            -1.21855     0.22819    -0.21855     0.44558     0.21739     0.22819    (     0.00436)
sigo_m             -2.25862 28382.45362    -1.75862 44088.83212 15706.37850 28382.45362    (  1069.26530)
sigo_f             -2.32735 26664.93770    -1.82735 41566.32037 14901.38268 26664.93770    (  1022.80812)
alf1t               9.21479     9.21479     9.51479     9.51479     0.30000     9.21479    (     0.31594)
alf2t               8.67460     8.67460     8.97460     8.97460     0.30000     8.67460    (     0.07206)
cst            -15712.91849-15712.91849-25712.91849-25712.91849-10000.00000-15712.91849    (  5952.37983)
ptypehs            -0.58907     0.15464     0.41093     0.33211     0.17747     0.15464    (     0.09851)
ptypecol           -2.17992     0.05069    -1.17992     0.12674     0.07606     0.05069    (     0.08727)
alf1t               9.29346     9.29346     9.59346     9.59346     0.30000     9.29346    (     0.24339)
alf2t               8.86365     8.86365     9.16365     9.16365     0.30000     8.86365    (     0.41277)
cst            -13333.43324-13333.43324-23333.43324-23333.43324-10000.00000-13333.43324    (  8484.13141)
ptypehs             0.45463     0.43914     1.45463     0.68034     0.24120     0.43914    (     0.18684)
ptypecol           -0.47562     0.27866     0.52438     0.51222     0.23356     0.27866    (     0.25084)
alf1t               8.85490     8.85490     9.15490     9.15490     0.30000     8.85490    (     0.17033)
alf2t               9.07794     9.07794     9.37794     9.37794     0.30000     9.07794    (     0.03237)
cst            -19825.11650-19825.11650-29825.11650-29825.11650-10000.00000-19825.11650    (  5569.57899)
ptypehs            -0.78203     0.12750     0.21797     0.28431     0.15680     0.12750    (     0.12340)
ptypecol           -0.70161     0.22229     0.29839     0.43724     0.21495     0.22229    (     0.26768)
alf1t               9.03363     9.03363     9.33363     9.33363     0.30000     9.03363    (     0.33076)
alf2t               8.76732     8.76732     9.06732     9.06732     0.30000     8.76732    (     0.39807)
cst            -19075.92931-19075.92931-29075.92931-29075.92931-10000.00000-19075.92931    ( 11558.81096)
 D
   1     0.00484    -0.03859     0.01956     0.00000     0.00000     0.00000    -0.02486     0.07200
   2     0.00025    -0.00000     0.04793     0.00000     0.00000     0.00000    -0.03108     0.03064
   3    -0.00519    -0.02879     0.05573     0.00000     0.00000     0.00000    -0.02845     0.01221
   4    -0.01316     0.05048     0.05556     0.00000     0.00000     0.00000    -0.01123     0.01688
   5    -0.00256    -0.01109     0.04969     0.00000     0.00000     0.00000    -0.04765     0.08161
   6    -0.00362    -0.00756     0.07760     0.00000     0.00000     0.00000    -0.03348     0.04438
   7    -0.02120     0.02510     0.04974     0.00000     0.00000     0.00000    -0.03032     0.01338
   8    -0.02508     0.08157     0.04439     0.00000     0.00000     0.00000    -0.02039    -0.00209
   9    -0.02493     0.11382     0.06834     0.00000     0.00000     0.00000    -0.01357    -0.00164
  10    -0.02949     0.12483     0.03591     0.00000     0.00000     0.00000    -0.02223     0.00318
  11    -0.03070     0.14807     0.05172     0.00000     0.00000     0.00000    -0.01976     0.00684
  12    -0.03155     0.18171     0.03277     0.00000     0.00000     0.00000    -0.02150     0.00502
  13    -0.04124     0.25762     0.05564     0.00000     0.00000     0.00000    -0.00996     0.00389
  14    -0.02686     0.27799     0.06902     0.00000     0.00000     0.00000     0.00139     0.01117
  15    -0.02871     0.29241     0.05117     0.00000     0.00000     0.00000     0.01250     0.00591
  16    -0.04183     0.16420     0.02564     0.00000     0.00000     0.00000    -0.03011    -0.00146
  17    -0.03369     0.30335     0.05324     0.00000     0.00000     0.00000     0.00604     0.00794
  18    -0.04016     0.28523     0.07136     0.00000     0.00000     0.00000     0.02040     0.00149
  19    -0.05932     0.29939     0.02549     0.00000     0.00000     0.00000    -0.00540     0.00887
  20    -0.00000    -0.00000    -0.00000     0.00000     0.00000     0.00000    -0.00000    -0.00000
  21    -0.01270     0.05019     0.03705     0.00000     0.00000     0.00000    -0.01135     0.01831
  22    -0.00370    -0.02153     0.02622     0.00000     0.00000     0.00000     0.43197     0.04042
  23     0.00651    -0.09419     0.05681     0.00000     0.00000     0.00000    -0.12359     0.98222
  24     0.05562    -0.37929    -0.00213     0.00000     0.00000     0.00000     0.00055    -0.00018
  25     0.00390     0.00398     0.25388     0.00000     0.00000     0.00000    -0.00753    -0.00562
  26    -0.00024     0.00631     0.04336     0.00000     0.00000     0.00000    -0.03571     0.08535
  27    -0.02403     0.09255     0.05035     0.00000     0.00000     0.00000    -0.00810     0.00565
  28    -0.01104     0.01165     0.05416     0.00000     0.00000     0.00000    -0.05105     0.03782
  29    -0.03040     0.15420     0.04603     0.00000     0.00000     0.00000    -0.01087     0.00645
  30    -0.00000    -0.00000    -0.00000     0.00000     0.00000     0.00000    -0.00000    -0.00000
  31    -0.00000    -0.00000    -0.00000     0.00000     0.00000     0.00000    -0.00000    -0.00000
  32    -0.00000    -0.00000    -0.00000     0.00000     0.00000     0.00000    -0.00000    -0.00000
  33    -0.00000    -0.00000    -0.00000     0.00000     0.00000     0.00000    -0.00000    -0.00000
  34    -0.00000    -0.00000    -0.00000     0.00000     0.00000     0.00000    -0.00000    -0.00000
  35    -0.00000    -0.00000    -0.00000     0.00000     0.00000     0.00000    -0.00000    -0.00000
  36    -0.00000    -0.00000    -0.00000     0.00000     0.00000     0.00000    -0.00000    -0.00000
  37    -0.00000    -0.00000    -0.00000     0.00000     0.00000     0.00000    -0.00000    -0.00000
  38    -0.08799    -0.10740    -0.06216     0.00000     0.00000     0.00000    -0.00739    -0.01661
  39    -0.11274     0.16732     0.05459     0.00000     0.00000     0.00000     0.09782    -0.05178
  40    -0.09026    -0.07670    -0.05100     0.00000     0.00000     0.00000     0.00845    -0.02369
  41     0.07242    -0.01056     0.03986     0.00000     0.00000     0.00000     0.08323     0.03812
  42     0.04500    -0.14295    -0.00892     0.00000     0.00000     0.00000     0.00567    -0.00105
  43     0.05903    -0.13895     0.13500     0.00000     0.00000     0.00000    -0.10005     0.03784
  44    -0.01376     0.06838    -0.16718     0.00000     0.00000     0.00000     0.02297     0.09411
  45     0.05472    -0.20177     0.02145     0.00000     0.00000     0.00000     0.06663     0.00877
  46     0.02005     0.02473     0.03706     0.00000     0.00000     0.00000    -0.30861     0.01760
  47     0.05712    -0.11703    -0.02240     0.00000     0.00000     0.00000     0.01843     0.03732
  48     0.07248    -0.08837    -0.00860     0.00000     0.00000     0.00000     0.02411     0.04014
  49     0.07867    -0.00290     0.01387     0.00000     0.00000     0.00000    -0.02073     0.02079
  50     0.00372    -0.00000     0.01608     0.00000     0.00000     0.00000     0.10208     0.01067
  51    -0.00201    -0.00000    -0.00868     0.00000     0.00000     0.00000    -0.00933     0.01098
  52     0.01590    -0.03718     0.02732     0.00000     0.00000     0.00000     0.08347     0.01491
  53    -0.00094    -0.01666    -0.00584     0.00000     0.00000     0.00000     0.03544     0.00495
  54     0.02990    -0.10348     0.01429     0.00000     0.00000     0.00000     0.08796     0.02349
  55     0.06938    -0.31000     0.01679     0.00000     0.00000     0.00000     0.11439     0.01653
  56     0.09738    -0.33917     0.03687     0.00000     0.00000     0.00000     0.08526     0.01420
  57     0.13052    -0.23457     0.04231     0.00000     0.00000     0.00000     0.06911     0.01906
  58     0.12180    -0.31324    -0.01005     0.00000     0.00000     0.00000     0.06415     0.00752
  59     0.12475    -0.55425     0.01542     0.00000     0.00000     0.00000     0.08363     0.00122
  60     0.14335    -0.73199     0.01606     0.00000     0.00000     0.00000     0.06562    -0.00283
  61     0.16808    -0.79206     0.06093     0.00000     0.00000     0.00000     0.04908    -0.00630
  62     0.17861    -0.88749     0.02492     0.00000     0.00000     0.00000     0.02290    -0.00665
  63     0.22265    -0.83605     0.04202     0.00000     0.00000     0.00000     0.01481    -0.00450
  64     0.20481    -1.06804     0.03745     0.00000     0.00000     0.00000     0.01335    -0.00353
  65     0.21307    -1.19967     0.04400     0.00000     0.00000     0.00000     0.04079     0.00941
  66     0.20272    -1.31246     0.10369     0.00000     0.00000     0.00000     0.05094     0.01286
  67     0.22033    -1.65260     0.16989     0.00000     0.00000     0.00000    -0.00125    -0.00129
  68     0.24857    -1.55141     0.08299     0.00000     0.00000     0.00000     0.00605    -0.00986
  69    -0.00000    -0.00000    -0.00000     0.00000     0.00000     0.00000    -0.00000    -0.00000
  70     0.04261    -0.00212     0.00813     0.00000     0.00000     0.00000     0.00024    -0.00159
  71     0.01782     0.01122    -0.00718     0.00000     0.00000     0.00000    -0.00946    -0.01101
  72     0.02307     0.01570     0.00091     0.00000     0.00000     0.00000    -0.01542    -0.00850
  73     0.01651     0.03743     0.00017     0.00000     0.00000     0.00000    -0.01247    -0.00981
  74     0.00800     0.05190     0.00189     0.00000     0.00000     0.00000    -0.02070    -0.00430
  75     0.00255     0.04065     0.00298     0.00000     0.00000     0.00000    -0.00684    -0.00213
  76     0.00881     0.06823     0.00325     0.00000     0.00000     0.00000    -0.00843     0.00009
  77     0.00281     0.04176     0.00027     0.00000     0.00000     0.00000    -0.00776     0.00102
  78     0.00114     0.04530     0.00712     0.00000     0.00000     0.00000    -0.00802     0.00046
  79     0.00077     0.07094    -0.00261     0.00000     0.00000     0.00000     0.00389     0.00112
  80     0.00090     0.07326     0.00335     0.00000     0.00000     0.00000     0.00612     0.00080
  81    -0.04209    -0.19392    -0.09189     0.00000     0.00000     0.00000    -0.06584    -0.02536
  82    -0.03722    -0.02860    -0.27430     0.00000     0.00000     0.00000     0.02153    -0.05194
  83    -0.10482    -0.06452    -0.10843     0.00000     0.00000     0.00000     0.02032    -0.08459
  84    -0.09476     0.11714     0.03782     0.00000     0.00000     0.00000    -0.03094    -0.03707
  85    -0.12371    -0.32422    -0.16116     0.00000     0.00000     0.00000     0.05005    -0.01530
  86    -0.10089     0.20670    -0.23773     0.00000     0.00000     0.00000    -0.04494    -0.00560
  87    -0.09423     0.52727    -0.13358     0.00000     0.00000     0.00000    -0.05820    -0.01753
  88    -0.27570    -0.47506    -0.15499     0.00000     0.00000     0.00000    -0.15215    -0.03207
  89    -0.12656     0.27936     0.25245     0.00000     0.00000     0.00000    -0.22913    -0.00216
  90    -0.00505     1.12203    -0.07328     0.00000     0.00000     0.00000     0.03968     0.07457
  91    -0.21525     0.58019    -0.24403     0.00000     0.00000     0.00000     0.05797    -0.04175
  92     0.15474    -0.50254     0.01784     0.00000     0.00000     0.00000     0.00652     0.00925
  93    -0.01508     0.04075    -0.00396     0.00000     0.00000     0.00000    -0.00390     0.00094
  94     0.12813    -0.56161     0.00753     0.00000     0.00000     0.00000     0.02930     0.01460
  95    -0.00840     0.02302     0.00213     0.00000     0.00000     0.00000    -0.00297    -0.00366
  96    -0.00510    -0.01401    -0.01676     0.00000     0.00000     0.00000    -0.03080     0.03454
  97     0.15575    -0.29447     0.04238     0.00000     0.00000     0.00000     0.02561     0.01723
  98     0.22648    -0.70338     0.01993     0.00000     0.00000     0.00000     0.03611     0.00819
  99     0.24069    -1.14091    -0.03260     0.00000     0.00000     0.00000    -0.02642     0.00097
 100    -0.02397     0.05953     0.00265     0.00000     0.00000     0.00000     0.00059     0.00028
 101    -0.02640     0.08363     0.00126     0.00000     0.00000     0.00000     0.00503    -0.00095
 102    -0.12384     0.37727    -0.04148     0.00000     0.00000     0.00000    -0.03228    -0.00525
 103    -0.05275     0.16487    -0.00813     0.00000     0.00000     0.00000     0.00113    -0.00329
 104     0.11288    -0.23426     0.03872     0.00000     0.00000     0.00000     0.04156    -0.00066
 105     0.08175    -0.29235     0.02716     0.00000     0.00000     0.00000    -0.00313     0.00390
 106     0.03467    -0.16624    -0.02031     0.00000     0.00000     0.00000    -0.01365     0.00677
 107    -0.00000    -0.00000    -0.00000     0.00000     0.00000     0.00000    -0.00000    -0.00000
 108    -0.00000    -0.00000    -0.00000     0.00000     0.00000     0.00000    -0.00000    -0.00000
 109     0.00973     0.04312    -0.00008     0.00000     0.00000     0.00000    -0.00291    -0.00133
 110     0.00592     0.01939     0.00020     0.00000     0.00000     0.00000    -0.00130    -0.00055
 111    -0.09026    -0.07670    -0.05100     0.00000     0.00000     0.00000     0.00845    -0.02369
 112     0.00409     0.07571     0.03010     0.00000     0.00000     0.00000    -0.00536     0.00292
 113    -0.13383     0.03131     0.00523     0.00000     0.00000     0.00000     0.06775    -0.03421
 114     0.00796     0.12670    -0.01872     0.00000     0.00000     0.00000     0.09322     0.00469
 115    -0.17932    -0.38036    -0.09934     0.00000     0.00000     0.00000     0.06329     0.02484
 116    -0.01803    -1.13591     0.09519     0.00000     0.00000     0.00000    -0.09305     0.06370
 117    -0.00370    -0.02153     0.02622     0.00000     0.00000     0.00000     0.43197     0.04042
 118     0.00651    -0.09419     0.05681     0.00000     0.00000     0.00000    -0.12359     0.98222
 119     0.05562    -0.37929    -0.00213     0.00000     0.00000     0.00000     0.00055    -0.00018
 120     0.00390     0.00398     0.25388     0.00000     0.00000     0.00000    -0.00753    -0.00562
 121     0.00631    -0.12523     0.06467     0.00000     0.00000     0.00000     0.30956     0.21387
 122    -0.00646    -0.06281     0.00843     0.00000     0.00000     0.00000     0.35004     0.15111
 123     0.08737    -0.63566     0.02822     0.00000     0.00000     0.00000     0.10288     0.04797
 124     0.09594    -0.65676     0.03224     0.00000     0.00000     0.00000     0.11423     0.04054
 125     0.07915    -0.61543     0.02436     0.00000     0.00000     0.00000     0.09200     0.05508
 126    -0.00000    -0.00000    -0.00000     0.00000     0.00000     0.00000    -0.00000    -0.00000
 127     0.00535    -0.03344     0.01956     0.00000     0.00000     0.00000     0.35581     0.15422
 128     0.02982    -0.17236     0.04206     0.00000     0.00000     0.00000     0.40398     0.15448
 129     0.05211    -0.34284     0.04677     0.00000     0.00000     0.00000     0.31929     0.11741
 130     0.03369    -0.23237     0.02485     0.00000     0.00000     0.00000     0.12427     0.04084
 131     0.04042    -0.29585     0.05391     0.00000     0.00000     0.00000     0.26134     0.15551
 132     0.06302    -0.41820     0.06227     0.00000     0.00000     0.00000     0.27617     0.14791
 133     0.07791    -0.49679     0.05237     0.00000     0.00000     0.00000     0.21377     0.10718
 134     0.09882    -0.75486     0.01435     0.00000     0.00000     0.00000     0.02280     0.00963
 135     0.10217    -0.76020     0.01185     0.00000     0.00000     0.00000     0.01129     0.00990
 136     0.03947    -0.34134     0.03546     0.00000     0.00000     0.00000     0.21975     0.10604
 137     0.09830    -0.70282     0.02656     0.00000     0.00000     0.00000     0.07621     0.03471
 138    -0.00000    -0.00000    -0.00000     0.00883    -0.01096     0.00502    -0.00000    -0.00000
 139    -0.00000    -0.00000    -0.00000     0.00378    -0.00490     0.01859    -0.00000    -0.00000
 140    -0.00000    -0.00000    -0.00000     0.00032     0.00000     0.01734    -0.00000    -0.00000
 141    -0.00000    -0.00000    -0.00000    -0.00454     0.00386     0.02742    -0.00000    -0.00000
 142    -0.00000    -0.00000    -0.00000    -0.00306     0.00336     0.01122    -0.00000    -0.00000
 143    -0.00000    -0.00000    -0.00000    -0.01308     0.00399     0.01564    -0.00000    -0.00000
 144    -0.00000    -0.00000    -0.00000    -0.01129     0.00973     0.02060    -0.00000    -0.00000
 145    -0.00000    -0.00000    -0.00000    -0.01431     0.01593     0.01841    -0.00000    -0.00000
 146    -0.00000    -0.00000    -0.00000    -0.01831     0.01708     0.01531    -0.00000    -0.00000
 147    -0.00000    -0.00000    -0.00000    -0.02168     0.01701     0.01821    -0.00000    -0.00000
 148    -0.00000    -0.00000    -0.00000    -0.03067     0.01642     0.01297    -0.00000    -0.00000
 149    -0.00000    -0.00000    -0.00000    -0.02896     0.02381     0.01803    -0.00000    -0.00000
 150    -0.00000    -0.00000    -0.00000    -0.03082     0.01873     0.01494    -0.00000    -0.00000
 151    -0.00000    -0.00000    -0.00000    -0.03323     0.02667     0.00998    -0.00000    -0.00000
 152    -0.00000    -0.00000    -0.00000    -0.04228     0.02349     0.03562    -0.00000    -0.00000
 153    -0.00000    -0.00000    -0.00000    -0.03527     0.02162     0.00655    -0.00000    -0.00000
 154    -0.00000    -0.00000    -0.00000    -0.04047     0.02421     0.00186    -0.00000    -0.00000
 155    -0.00000    -0.00000    -0.00000    -0.03542     0.02876     0.01553    -0.00000    -0.00000
 156    -0.00000    -0.00000    -0.00000    -0.04405     0.02641    -0.01049    -0.00000    -0.00000
 157    -0.00000    -0.00000    -0.00000     0.00000     0.00000     0.00000    -0.00000    -0.00000
 158    -0.00000    -0.00000    -0.00000    -0.02669     0.01505     0.00532    -0.00000    -0.00000
 159    -0.00000    -0.00000    -0.00000    -0.04969     0.07933    -0.00691    -0.00000    -0.00000
 160    -0.00000    -0.00000    -0.00000     0.00009    -0.00016     0.01076    -0.00000    -0.00000
 161    -0.00000    -0.00000    -0.00000     0.22445    -0.38550    -0.00300    -0.00000    -0.00000
 162    -0.00000    -0.00000    -0.00000     0.05577    -0.07865     0.59802    -0.00000    -0.00000
 163    -0.00000    -0.00000    -0.00000     0.00183    -0.00689    -0.00032    -0.00000    -0.00000
 164    -0.00000    -0.00000    -0.00000    -0.02339     0.01943     0.03160    -0.00000    -0.00000
 165    -0.00000    -0.00000    -0.00000    -0.00551     0.00424     0.01466    -0.00000    -0.00000
 166    -0.00000    -0.00000    -0.00000    -0.02759     0.01844     0.01878    -0.00000    -0.00000
 167    -0.00000    -0.00000    -0.00000     0.00000     0.00000     0.00000    -0.00000    -0.00000
 168    -0.00000    -0.00000    -0.00000     0.00000     0.00000     0.00000    -0.00000    -0.00000
 169    -0.00000    -0.00000    -0.00000     0.00000     0.00000     0.00000    -0.00000    -0.00000
 170    -0.00000    -0.00000    -0.00000     0.00000     0.00000     0.00000    -0.00000    -0.00000
 171    -0.00000    -0.00000    -0.00000     0.00000     0.00000     0.00000    -0.00000    -0.00000
 172    -0.00000    -0.00000    -0.00000     0.00000     0.00000     0.00000    -0.00000    -0.00000
 173    -0.00000    -0.00000    -0.00000     0.00000     0.00000     0.00000    -0.00000    -0.00000
 174    -0.00000    -0.00000    -0.00000     0.00000     0.00000     0.00000    -0.00000    -0.00000
 175    -0.00000    -0.00000    -0.00000    -0.02250    -0.00622    -0.03272    -0.00000    -0.00000
 176    -0.00000    -0.00000    -0.00000    -0.13750     0.02904    -0.05549    -0.00000    -0.00000
 177    -0.00000    -0.00000    -0.00000    -0.03129    -0.00446    -0.03630    -0.00000    -0.00000
 178    -0.00000    -0.00000    -0.00000     0.09899    -0.12698    -0.00898    -0.00000    -0.00000
 179    -0.00000    -0.00000    -0.00000     0.12062    -0.09492     0.00589    -0.00000    -0.00000
 180    -0.00000    -0.00000    -0.00000     0.09152    -0.11847     0.03993    -0.00000    -0.00000
 181    -0.00000    -0.00000    -0.00000     0.19238    -0.07556     0.07470    -0.00000    -0.00000
 182    -0.00000    -0.00000    -0.00000     0.07699    -0.11037     0.00777    -0.00000    -0.00000
 183    -0.00000    -0.00000    -0.00000     0.09091    -0.13437    -0.03373    -0.00000    -0.00000
 184    -0.00000    -0.00000    -0.00000     0.10722    -0.10772     0.01512    -0.00000    -0.00000
 185    -0.00000    -0.00000    -0.00000     0.09250    -0.09846     0.01240    -0.00000    -0.00000
 186    -0.00000    -0.00000    -0.00000     0.09242    -0.07776    -0.00614    -0.00000    -0.00000
 187    -0.00000    -0.00000    -0.00000     0.00695    -0.00948     0.00446    -0.00000    -0.00000
 188    -0.00000    -0.00000    -0.00000     0.00110     0.00277     0.00191    -0.00000    -0.00000
 189    -0.00000    -0.00000    -0.00000     0.02134    -0.02859    -0.01171    -0.00000    -0.00000
 190    -0.00000    -0.00000    -0.00000    -0.00885    -0.00293    -0.00528    -0.00000    -0.00000
 191    -0.00000    -0.00000    -0.00000     0.03097    -0.07616    -0.00132    -0.00000    -0.00000
 192    -0.00000    -0.00000    -0.00000     0.10454    -0.13126     0.01249    -0.00000    -0.00000
 193    -0.00000    -0.00000    -0.00000     0.12408    -0.17709    -0.00129    -0.00000    -0.00000
 194    -0.00000    -0.00000    -0.00000     0.18471    -0.22349     0.02052    -0.00000    -0.00000
 195    -0.00000    -0.00000    -0.00000     0.22408    -0.21351     0.02161    -0.00000    -0.00000
 196    -0.00000    -0.00000    -0.00000     0.24065    -0.26345     0.01798    -0.00000    -0.00000
 197    -0.00000    -0.00000    -0.00000     0.29049    -0.23915     0.02636    -0.00000    -0.00000
 198    -0.00000    -0.00000    -0.00000     0.29467    -0.23186     0.02536    -0.00000    -0.00000
 199    -0.00000    -0.00000    -0.00000     0.28910    -0.24224     0.01025    -0.00000    -0.00000
 200    -0.00000    -0.00000    -0.00000     0.32107    -0.22113     0.05509    -0.00000    -0.00000
 201    -0.00000    -0.00000    -0.00000     0.36710    -0.27666     0.02416    -0.00000    -0.00000
 202    -0.00000    -0.00000    -0.00000     0.36594    -0.27963     0.05006    -0.00000    -0.00000
 203    -0.00000    -0.00000    -0.00000     0.37568    -0.26403     0.06176    -0.00000    -0.00000
 204    -0.00000    -0.00000    -0.00000     0.39600    -0.26589     0.03369    -0.00000    -0.00000
 205    -0.00000    -0.00000    -0.00000     0.38278    -0.26172     0.03789    -0.00000    -0.00000
 206    -0.00000    -0.00000    -0.00000     0.00000     0.00000     0.00000    -0.00000    -0.00000
 207    -0.00000    -0.00000    -0.00000     0.04913    -0.02404     0.00178    -0.00000    -0.00000
 208    -0.00000    -0.00000    -0.00000     0.00770    -0.00438     0.00161    -0.00000    -0.00000
 209    -0.00000    -0.00000    -0.00000     0.00127     0.00640    -0.00061    -0.00000    -0.00000
 210    -0.00000    -0.00000    -0.00000    -0.00249     0.00554    -0.00127    -0.00000    -0.00000
 211    -0.00000    -0.00000    -0.00000    -0.00389     0.00718     0.00116    -0.00000    -0.00000
 212    -0.00000    -0.00000    -0.00000    -0.01209     0.01388    -0.00143    -0.00000    -0.00000
 213    -0.00000    -0.00000    -0.00000    -0.00745     0.00577     0.00322    -0.00000    -0.00000
 214    -0.00000    -0.00000    -0.00000    -0.00777     0.00543     0.00414    -0.00000    -0.00000
 215    -0.00000    -0.00000    -0.00000    -0.01225     0.00923     0.00172    -0.00000    -0.00000
 216    -0.00000    -0.00000    -0.00000    -0.02139     0.00755    -0.00387    -0.00000    -0.00000
 217    -0.00000    -0.00000    -0.00000    -0.01762     0.01171    -0.00428    -0.00000    -0.00000
 218    -0.00000    -0.00000    -0.00000     0.00645    -0.06516    -0.01104    -0.00000    -0.00000
 219    -0.00000    -0.00000    -0.00000    -0.03292    -0.01249     0.01604    -0.00000    -0.00000
 220    -0.00000    -0.00000    -0.00000     0.03194    -0.01001     0.00339    -0.00000    -0.00000
 221    -0.00000    -0.00000    -0.00000    -0.04658    -0.00054     0.07034    -0.00000    -0.00000
 222    -0.00000    -0.00000    -0.00000    -0.04308     0.08705     0.08745    -0.00000    -0.00000
 223    -0.00000    -0.00000    -0.00000    -0.05624    -0.08785     0.08555    -0.00000    -0.00000
 224    -0.00000    -0.00000    -0.00000    -0.13674     0.05114     0.06722    -0.00000    -0.00000
 225    -0.00000    -0.00000    -0.00000    -0.00846     0.05108    -0.03177    -0.00000    -0.00000
 226    -0.00000    -0.00000    -0.00000    -0.03740    -0.08255     0.07134    -0.00000    -0.00000
 227    -0.00000    -0.00000    -0.00000    -0.38151    -0.05231    -0.18152    -0.00000    -0.00000
 228    -0.00000    -0.00000    -0.00000    -0.01804     0.16949    -0.17543    -0.00000    -0.00000
 229    -0.00000    -0.00000    -0.00000     0.26496    -0.23983     0.00750    -0.00000    -0.00000
 230    -0.00000    -0.00000    -0.00000     0.00323    -0.01157     0.00223    -0.00000    -0.00000
 231    -0.00000    -0.00000    -0.00000     0.04118    -0.12294     0.00775    -0.00000    -0.00000
 232    -0.00000    -0.00000    -0.00000     0.02865    -0.01488     0.00625    -0.00000    -0.00000
 233    -0.00000    -0.00000    -0.00000     0.00445    -0.01017    -0.00242    -0.00000    -0.00000
 234    -0.00000    -0.00000    -0.00000     0.23677    -0.22198    -0.00310    -0.00000    -0.00000
 235    -0.00000    -0.00000    -0.00000     0.35559    -0.28989     0.01871    -0.00000    -0.00000
 236    -0.00000    -0.00000    -0.00000     0.39491    -0.30476     0.01832    -0.00000    -0.00000
 237    -0.00000    -0.00000    -0.00000    -0.05411     0.06175    -0.00248    -0.00000    -0.00000
 238    -0.00000    -0.00000    -0.00000    -0.22930     0.17968    -0.01361    -0.00000    -0.00000
 239    -0.00000    -0.00000    -0.00000    -0.04005     0.02511     0.00564    -0.00000    -0.00000
 240    -0.00000    -0.00000    -0.00000     0.11985    -0.11950     0.00271    -0.00000    -0.00000
 241    -0.00000    -0.00000    -0.00000     0.24039    -0.19383     0.00526    -0.00000    -0.00000
 242    -0.00000    -0.00000    -0.00000     0.00000     0.00000     0.00000    -0.00000    -0.00000
 243    -0.00000    -0.00000    -0.00000     0.00000     0.00000     0.00000    -0.00000    -0.00000
 244    -0.00000    -0.00000    -0.00000     0.00000     0.00000     0.00000    -0.00000    -0.00000
 245    -0.00000    -0.00000    -0.00000     0.00000     0.00000     0.00000    -0.00000    -0.00000
 246    -0.00000    -0.00000    -0.00000    -0.00809     0.01233     0.00033    -0.00000    -0.00000
 247    -0.00000    -0.00000    -0.00000    -0.00184     0.00235     0.00034    -0.00000    -0.00000
 248    -0.00000    -0.00000    -0.00000    -0.03129    -0.00446    -0.03630    -0.00000    -0.00000
 249    -0.00000    -0.00000    -0.00000     0.00836     0.00032    -0.00619    -0.00000    -0.00000
 250    -0.00000    -0.00000    -0.00000    -0.20565     0.20393    -0.01441    -0.00000    -0.00000
 251    -0.00000    -0.00000    -0.00000     0.00263    -0.00677     0.00287    -0.00000    -0.00000
 252    -0.00000    -0.00000    -0.00000    -0.19759     0.20006    -0.00037    -0.00000    -0.00000
 253    -0.00000    -0.00000    -0.00000    -0.04531    -0.00367    -0.00244    -0.00000    -0.00000
 254    -0.00000    -0.00000    -0.00000    -0.04969     0.07933    -0.00691    -0.00000    -0.00000
 255    -0.00000    -0.00000    -0.00000     0.00009    -0.00016     0.01076    -0.00000    -0.00000
 256    -0.00000    -0.00000    -0.00000     0.22445    -0.38550    -0.00300    -0.00000    -0.00000
 257    -0.00000    -0.00000    -0.00000     0.05577    -0.07865     0.59802    -0.00000    -0.00000
 258    -0.00000    -0.00000    -0.00000    -0.06909     0.08263    -0.00868    -0.00000    -0.00000
 259    -0.00000    -0.00000    -0.00000    -0.02909     0.04275    -0.00547    -0.00000    -0.00000
 260    -0.00000    -0.00000    -0.00000     0.39503    -0.44683     0.03039    -0.00000    -0.00000
 261    -0.00000    -0.00000    -0.00000     0.38752    -0.50405     0.03469    -0.00000    -0.00000
 262    -0.00000    -0.00000    -0.00000     0.40356    -0.38178     0.02550    -0.00000    -0.00000
 263    -0.00000    -0.00000    -0.00000     0.00000     0.00000     0.00000    -0.00000    -0.00000
 264    -0.00000    -0.00000    -0.00000     0.01072    -0.01413     0.00653    -0.00000    -0.00000
 265    -0.00000    -0.00000    -0.00000     0.09141    -0.15315     0.02612    -0.00000    -0.00000
 266    -0.00000    -0.00000    -0.00000     0.18300    -0.27752     0.03876    -0.00000    -0.00000
 267    -0.00000    -0.00000    -0.00000     0.13043    -0.18018     0.02554    -0.00000    -0.00000
 268    -0.00000    -0.00000    -0.00000     0.19112    -0.22473     0.02927    -0.00000    -0.00000
 269    -0.00000    -0.00000    -0.00000     0.24332    -0.28023     0.03327    -0.00000    -0.00000
 270    -0.00000    -0.00000    -0.00000     0.29551    -0.32649     0.02944    -0.00000    -0.00000
 271    -0.00000    -0.00000    -0.00000     0.46662    -0.55711     0.03032    -0.00000    -0.00000
 272    -0.00000    -0.00000    -0.00000     0.54797    -0.57584     0.02489    -0.00000    -0.00000
 273    -0.00000    -0.00000    -0.00000     0.19394    -0.19248     0.02397    -0.00000    -0.00000
 274    -0.00000    -0.00000    -0.00000     0.43938    -0.50294     0.03181    -0.00000    -0.00000
 275    -0.02475     0.05501     0.02191    -0.00393     0.00189     0.00313    -0.02658     0.02636
 276     0.06458    -0.16740    -0.01769    -0.06081    -0.00104    -0.02107     0.04933    -0.07710
 277    -0.00362     0.03149     0.02569    -0.00161     0.00173     0.00497    -0.02101     0.00787
 278     0.03496    -0.03494    -0.03097    -0.00498     0.00888    -0.00374     0.06460    -0.01493
 279    -0.00923     0.01701     0.01538    -0.00322     0.00191     0.00269    -0.02066     0.02156
 280     0.02067    -0.25834    -0.07440     0.06709     0.10208    -0.02308    -0.08769    -0.02609
 281    -0.00646     0.00591     0.00700    -0.00452     0.00144    -0.00135    -0.01059     0.00139
 282     0.00945    -0.02510    -0.03211    -0.00793    -0.01454    -0.05723     0.02469    -0.01323
 283     0.03354    -0.17751    -0.04159     0.00964    -0.03328    -0.02865     0.07756     0.02015
 284    -0.00715     0.02853     0.02325    -0.01316     0.01055     0.00492    -0.01117     0.00390
 285     0.01814    -0.08937    -0.02756     0.02180    -0.01277    -0.01467     0.01894    -0.01318
 286    -0.00851     0.06809     0.02585    -0.00846    -0.00033     0.00583     0.00433     0.00271
 287     0.00028    -0.01753     0.00231     0.00439    -0.00022     0.00592    -0.01288     0.00432
 288    -0.00870     0.03133     0.02266    -0.01197    -0.00104    -0.00162    -0.01279     0.00867
 289     0.01211    -0.07065    -0.02182     0.01347    -0.00675    -0.00958     0.00997    -0.00629
 290    -0.00819     0.08754     0.00221    -0.00703     0.00456     0.00706    -0.00520     0.00022
 291    -0.00547    -0.01513    -0.01059    -0.00389     0.00763     0.00352    -0.00213     0.00179
 292     0.00749    -0.02280    -0.01630     0.00484    -0.00163    -0.00139     0.01093    -0.00214
 293    -0.00459    -0.00129     0.00278    -0.00037    -0.00104     0.00549    -0.00111    -0.00301
 294    -0.00708     0.03247     0.01737    -0.00413     0.00271     0.00322     0.00137     0.00177
 295     0.00735     0.00884    -0.02043    -0.00384    -0.00840    -0.00859     0.01897    -0.00424
 296    -0.00663     0.02286     0.01086     0.00037     0.00337     0.00948    -0.01272     0.00618
 297     0.00139    -0.02072    -0.01501    -0.00132    -0.00617    -0.01515    -0.00507    -0.00045
 298    -0.00425     0.01493     0.00862    -0.00084     0.00256     0.00071    -0.00252     0.00206
 299     0.02753    -0.12408    -0.02901     0.01931    -0.00712    -0.01179     0.01229    -0.01116
 300    -0.00776     0.01421     0.00931    -0.00221     0.00547     0.00916    -0.00869     0.00582
 301    -0.00595     0.05278     0.01552    -0.00697     0.00863     0.00746    -0.00251     0.00302
 302     0.00523     0.01887    -0.01500     0.00104    -0.00080     0.01020     0.00619    -0.01103
 303    -0.00523    -0.01887     0.01500    -0.00104     0.00080    -0.01020    -0.00619     0.01103
 304    -0.00000    -0.00000    -0.00000     0.00000     0.00000     0.00000    -0.00000    -0.00000
 305    -0.00000    -0.00000    -0.00000     0.00000     0.00000     0.00000    -0.00000    -0.00000
 306    -0.00000    -0.00000    -0.00000     0.00000     0.00000     0.00000    -0.00000    -0.00000
 307    -0.00000    -0.00000    -0.00000     0.00000     0.00000     0.00000    -0.00000    -0.00000
 308    -0.00000    -0.00000    -0.00000     0.00000     0.00000     0.00000    -0.00000    -0.00000
 309    -0.00000    -0.00000    -0.00000     0.00000     0.00000     0.00000    -0.00000    -0.00000
 310    -0.00000    -0.00000    -0.00000     0.00000     0.00000     0.00000    -0.00000    -0.00000

 QWD,WD,momwgt,msm_wgt,momwgt*msm_wgt,cntdat,numperdat,vardatinv
       0.00000       0.00000       1.00000       0.00000       0.00000       0    7209      Infinity
       0.00000       0.00074       1.00000       2.91822       2.91822     572    7209      36.77878
      -0.00000      -0.01202       1.00000       2.31792       2.31792     595    7209      28.08385
      -0.00000      -0.03270       1.00000       2.48445       2.48445     630    7209      28.42920
      -0.00000      -0.00914       1.00000       3.56266       3.56266    1340    7209      19.16656
      -0.00000      -0.01532       1.00000       4.23408       4.23408    1521    7209      20.06802
      -0.00000      -0.11219       1.00000       5.29083       5.29083    1873    7209      20.36390
      -0.00000      -0.14644       1.00000       5.83926       5.83926    1990    7209      21.15336
      -0.00000      -0.16929       1.00000       6.79151       6.79151    1973    7209      24.81500
      -0.00000      -0.28599       1.00000       9.69752       9.69752    1950    7209      35.85100
      -0.00000      -0.42406       1.00000      13.81162      13.81162    1875    7209      53.10291
      -0.00000      -0.31264       1.00000       9.90930       9.90930    1770    7209      40.35942
      -0.00000      -0.37549       1.00000       9.10411       9.10411    1658    7209      39.58476
      -0.00000      -0.32597       1.00000      12.13675      12.13675    1551    7209      56.41124
      -0.00000      -0.38651       1.00000      13.46102      13.46102    1450    7209      66.92450
      -0.00000      -0.42218       1.00000      10.09257      10.09257    1336    7209      54.45907
      -0.00000      -0.41760       1.00000      12.39690      12.39690    1224    7209      73.01408
      -0.00000      -0.49675       1.00000      12.37031      12.37031    1149    7209      77.61323
      -0.00000      -0.59223       1.00000       9.98340       9.98340    1065    7209      67.57775
      -0.00000      -0.00000       1.00000       0.00000       0.00000       0    7209      Infinity
      -0.00000      -0.01157       1.00000       0.91110       0.91110    1453    7209       4.52040
      -0.00000      -0.04215      10.00000       1.13963      11.39628    2051    7209       4.00565
       0.00000       0.00470      10.00000       0.07214       0.72135     114    7209       4.56160
       0.00041     115.06292      10.00000     206.85485    2068.54850   38125    7209      39.11388
       0.00000       0.13508      10.00000       3.45909      34.59089    1230    7209      20.27364
      -0.00000      -0.00167       1.00000       6.85834       6.85834    2383    7209      20.74771
      -0.00002      -4.66603       1.00000     194.16041     194.16041   42150    7209      33.20765
      -0.00000      -0.60605       1.00000      54.87575      54.87575   16727    7209      23.65034
      -0.00002      -5.78257       1.00000     190.23277     190.23277   30907    7209      44.37144
      -0.00000      -0.00000      10.00000       8.54551      85.45513   11311    7209       5.44643
      -0.00000      -0.00000      10.00000      15.04340     150.43402   11311    7209       9.58782
      -0.00000      -0.00000      10.00000     111.82200    1118.21997   11311    7209      71.26910
      -0.00000      -0.00000      10.00000     445.25166    4452.51657   11311    7209     283.77855
      -0.00000      -0.00000      10.00000       0.13050       1.30500     215    7209       4.37571
      -0.00000      -0.00000      10.00000       0.17198       1.71982     215    7209       5.76659
      -0.00000      -0.00000      10.00000       1.09937      10.99367     215    7209      36.86204
      -0.00000      -0.00000      10.00000       2.16762      21.67621     215    7209      72.68082
      -0.00000      -0.04590       1.00000       0.52158       0.52158     785    7209       4.78992
      -0.00000      -0.02560       1.00000       0.22705       0.22705     366    7209       4.47215
      -0.00000      -0.06750       1.00000       0.74781       0.74781    1151    7209       4.68373
       0.00000       0.01167       1.00000       0.16121       0.16121     261    7209       4.45271
       0.00000       0.01173       1.00000       0.26065       0.26065     378    7209       4.97091
       0.00000       0.00979       1.00000       0.16582       0.16582     212    7209       5.63873
      -0.00000      -0.00097       1.00000       0.07049       0.07049      83    7209       6.12270
       0.00000       0.01822       1.00000       0.33293       0.33293     532    7209       4.51139
       0.00000       0.00319       1.00000       0.15893       0.15893     246    7209       4.65747
       0.00000       0.00827       1.00000       0.14486       0.14486     170    7209       6.14300
       0.00000       0.01243       1.00000       0.17155       0.17155     232    7209       5.33074
       0.00000       0.01527       1.00000       0.19411       0.19411     325    7209       4.30568
       0.00000       0.00009       1.00000       0.02331       0.02331      43    7209       3.90749
      -0.00000      -0.00000      10.00000       0.00007       0.00071      43    7209       0.01198
       0.00000       0.00085       1.00000       0.05329       0.05329      67    7209       5.73420
      -0.00000      -0.00000      10.00000       0.00016       0.00163      67    7209       0.01749
       0.00000       0.00188       1.00000       0.06282       0.06282      83    7209       5.45587
       0.00000       0.00486       1.00000       0.07010       0.07010     110    7209       4.59441
       0.00000       0.00773       1.00000       0.07935       0.07935     127    7209       4.50413
       0.00000       0.01113       1.00000       0.08528       0.08528     137    7209       4.48731
       0.00000       0.00714       1.00000       0.05860       0.05860     140    7209       3.01752
       0.00000       0.00794       1.00000       0.06368       0.06368     125    7209       3.67246
       0.00000       0.01108       1.00000       0.07730       0.07730     127    7209       4.38787
       0.00000       0.00950       1.00000       0.05651       0.05651     129    7209       3.15793
       0.00000       0.01008       1.00000       0.05645       0.05645     118    7209       3.44861
       0.00000       0.00906       1.00000       0.04068       0.04068     108    7209       2.71561
       0.00000       0.00968       1.00000       0.04725       0.04725      97    7209       3.51181
       0.00000       0.00758       1.00000       0.03556       0.03556      80    7209       3.20419
       0.00000       0.00619       1.00000       0.03054       0.03054      78    7209       2.82260
       0.00000       0.00673       1.00000       0.03056       0.03056      83    7209       2.65470
       0.00000       0.00736       1.00000       0.02961       0.02961      83    7209       2.57161
      -0.00000      -0.00000       1.00000       0.00000       0.00000       0    7209      Infinity
       0.00000       0.00000       0.00000       0.10148       0.00000     116    7209       6.30668
       0.00000       0.00000       0.00000       0.59487       0.00000     692    7209       6.19713
       0.00000       0.00000       0.00000       1.41235       0.00000    1335    7209       7.62669
       0.00000       0.00000       0.00000       1.84030       0.00000    1583    7209       8.38075
       0.00000       0.00000       0.00000       1.87777       0.00000    1614    7209       8.38712
       0.00000       0.00000       0.00000       1.95249       0.00000    1526    7209       9.22381
       0.00000       0.00000       0.00000       1.69837       0.00000    1363    7209       8.98280
       0.00000       0.00000       0.00000       1.31455       0.00000    1234    7209       7.67955
       0.00000       0.00000       0.00000       1.24370       0.00000    1087    7209       8.24821
       0.00000       0.00000       0.00000       0.95530       0.00000     965    7209       7.13651
       0.00000       0.00000       0.00000       0.96089       0.00000     829    7209       8.35588
      -0.00000      -0.00000       0.00000       0.00490       0.00000      10    7209       3.53486
      -0.00000      -0.00000       0.00000       0.02641       0.00000      43    7209       4.42836
      -0.00000      -0.00000       0.00000       0.06092       0.00000      79    7209       5.55874
      -0.00000      -0.00000       0.00000       0.05239       0.00000      75    7209       5.03555
      -0.00000      -0.00000       0.00000       0.04455       0.00000      50    7209       6.42374
      -0.00000      -0.00000       0.00000       0.05002       0.00000      37    7209       9.74609
      -0.00000      -0.00000       0.00000       0.02607       0.00000      39    7209       4.81867
      -0.00000      -0.00000       0.00000       0.02488       0.00000      23    7209       7.79903
      -0.00000      -0.00000       0.00000       0.00746       0.00000      21    7209       2.56090
      -0.00000      -0.00000       0.00000       0.00214       0.00000      13    7209       1.18719
      -0.00000      -0.00000       0.00000       0.00822       0.00000      10    7209       5.92403
       0.00005       1.39135       1.00000       8.99128       8.99128   17786    7209       3.64434
      -0.00005      -0.00371      10.00000       0.02464       0.24638   17786    7209       0.00999
       0.00006       1.28061       1.00000       9.99483       9.99483   24711    7209       2.91582
      -0.00004      -0.00213      10.00000       0.02531       0.25311   24711    7209       0.00738
      -0.00000      -0.00040       1.00000       0.07935       0.07935     144    7209       3.97266
       0.00000       0.05843       1.00000       0.37515       0.37515     716    7209       3.77716
       0.00000       0.06017       1.00000       0.26569       0.26569     550    7209       3.48242
       0.00000       0.05158       1.00000       0.21432       0.21432     478    7209       3.23221
      -0.00001      -1.78244       1.00000      74.37413      74.37413   17786    7209      30.14523
      -0.00001      -1.00219       1.00000      37.95548      37.95548   17786    7209      15.38407
      -0.00004      -2.93309       1.00000      23.68368      23.68368   17786    7209       9.59944
      -0.00002      -0.92858       1.00000      17.60430      17.60430   17786    7209       7.13535
       0.00004       1.81097       1.00000      16.04329      16.04329   17786    7209       6.50265
       0.00003       1.31941       1.00000      16.13869      16.13869   17786    7209       6.54131
       0.00001       0.74810       1.00000      21.57810      21.57810   17786    7209       8.74601
      -0.00000      -0.00000       1.00000      54.70560      54.70560   17786    7209      22.17321
      -0.00000      -0.00000       1.00000     200.16284     200.16284   17786    7209      81.12976
       0.00001       0.41157       1.00000      42.28615      42.28615   36810    7209       8.28147
       0.00000       0.18244       1.00000      30.79803      30.79803   36810    7209       6.03160
      -0.00000      -0.06750       1.00000       0.74781       0.74781    1151    7209       4.68373
       0.00000       0.00206       1.00000       0.50242       0.50242    1151    7209       3.14681
      -0.00000      -0.02735       1.00000       0.20434       0.20434     537    7209       2.74317
       0.00000       0.00096       1.00000       0.12101       0.12101     537    7209       1.62449
      -0.00000      -0.00000       0.00000       0.01326       0.00000      26    7209       3.67590
      -0.00000      -0.00000       0.00000       0.01459       0.00000      26    7209       4.04399
      -0.00000      -0.04215      10.00000       1.13963      11.39628    2051    7209       4.00565
       0.00000       0.00470      10.00000       0.07214       0.72135     114    7209       4.56160
       0.00041     115.06292      10.00000     206.85485    2068.54850   38125    7209      39.11388
       0.00000       0.13508      10.00000       3.45909      34.59089    1230    7209      20.27364
       0.00000       0.00491       1.00000       0.77710       0.77710    1278    7209       4.38348
      -0.00000      -0.00146       1.00000       0.22597       0.22597     397    7209       4.10333
       0.00008      10.61132       1.00000     121.45383     121.45383   45225    7209      19.36010
       0.00004       4.16616       1.00000      43.42318      43.42318   19168    7209      16.33127
       0.00004       6.43571       1.00000      81.30839      81.30839   26057    7209      22.49500
      -0.00000      -0.00000       0.00000       0.00000       0.00000       0    7209      Infinity
       0.00000       0.00092       1.00000       0.17167       0.17167     178    7209       6.95282
       0.00000       0.01272       1.00000       0.42665       0.42665     321    7209       9.58164
       0.00000       0.04124       1.00000       0.79142       0.79142     434    7209      13.14601
       0.00000       0.04762       1.00000       1.41336       1.41336    1052    7209       9.68525
       0.00000       0.07823       1.00000       1.93525       1.93525    1339    7209      10.41911
       0.00000       0.16994       1.00000       2.69660       2.69660    1580    7209      12.30366
       0.00000       0.27471       1.00000       3.52618       3.52618    1749    7209      14.53414
       0.00000       0.57960       1.00000       5.86506       5.86506    1742    7209      24.27166
       0.00000       0.41655       1.00000       4.07720       4.07720    1198    7209      24.53466
       0.00001       1.17731       1.00000      29.82872      29.82872   15579    7209      13.80289
       0.00006      10.04013       1.00000     102.13789     102.13789   29646    7209      24.83681
      -0.00000      -0.00000       1.00000       0.00000       0.00000       0    7209      Infinity
      -0.00000      -0.00000       1.00000       2.26482       2.26482     626    7209      26.08160
      -0.00000      -0.00000       1.00000       1.74473       1.74473     680    7209      18.49674
      -0.00000      -0.00000       1.00000       2.75205       2.75205     718    7209      27.63167
      -0.00000      -0.00000       1.00000       4.58032       4.58032    1686    7209      19.58453
      -0.00000      -0.00000       1.00000       5.72533       5.72533    1829    7209      22.56639
      -0.00000      -0.00000       1.00000       6.13546       6.13546    2021    7209      21.88547
      -0.00000      -0.00000       1.00000       6.31867       6.31867    2031    7209      22.42802
      -0.00000      -0.00000       1.00000      11.09833      11.09833    1994    7209      40.12429
      -0.00000      -0.00000       1.00000      10.60948      10.60948    1949    7209      39.24256
      -0.00000      -0.00000       1.00000       9.64435       9.64435    1857    7209      37.44000
      -0.00000      -0.00000       1.00000      10.43370      10.43370    1756    7209      42.83403
      -0.00000      -0.00000       1.00000      12.82155      12.82155    1650    7209      56.01852
      -0.00000      -0.00000       1.00000      11.22697      11.22697    1543    7209      52.45316
      -0.00000      -0.00000       1.00000      14.03822      14.03822    1481    7209      68.33326
      -0.00000      -0.00000       1.00000      14.25569      14.25569    1351    7209      76.06906
      -0.00000      -0.00000       1.00000      16.76740      16.76740    1247    7209      96.93361
      -0.00000      -0.00000       1.00000      11.76845      11.76845    1157    7209      73.32652
      -0.00000      -0.00000       1.00000       9.45773       9.45773    1068    7209      63.83970
      -0.00000      -0.00000       1.00000       0.00000       0.00000       0    7209      Infinity
      -0.00000      -0.00000       1.00000       0.90768       0.90768    1421    7209       4.60484
      -0.00000      -0.00000      10.00000      18.29626     182.96262   18841    7209       7.00057
      -0.00000      -0.00000      10.00000       0.52908       5.29079     639    7209       5.96891
      -0.00000      -0.00000      10.00000      31.60472     316.04717   24483    7209       9.30598
      -0.00000      -0.00000      10.00000       0.56814       5.68142     692    7209       5.91870
      -0.00000      -0.00000       1.00000      89.54329      89.54329   20393    7209      31.65388
      -0.00000      -0.00000       1.00000     139.69372     139.69372   26885    7209      37.45776
      -0.00000      -0.00000       1.00000      47.29614      47.29614   14463    7209      23.57449
      -0.00000      -0.00000       1.00000     219.14727     219.14727   34685    7209      45.54801
      -0.00000      -0.00000      10.00000       8.41410      84.14099   10947    7209       5.54099
      -0.00000      -0.00000      10.00000      88.12491     881.24913   10947    7209      58.03348
      -0.00000      -0.00000      10.00000      14.69652     146.96517   10947    7209       9.67819
      -0.00000      -0.00000      10.00000     417.10466    4171.04656   10947    7209     274.67867
      -0.00000      -0.00000      10.00000       0.11735       1.17346     198    7209       4.27245
      -0.00000      -0.00000      10.00000       0.93469       9.34691     198    7209      34.03125
      -0.00000      -0.00000      10.00000       0.15891       1.58909     198    7209       5.78571
      -0.00000      -0.00000      10.00000       1.38758      13.87583     198    7209      50.52062
      -0.00000      -0.00000       1.00000       0.26284       0.26284     364    7209       5.20545
      -0.00000      -0.00000       1.00000       0.19571       0.19571     175    7209       8.06211
      -0.00000      -0.00000       1.00000       0.43873       0.43873     539    7209       5.86786
      -0.00000      -0.00000       1.00000       0.16236       0.16236     231    7209       5.06695
      -0.00000      -0.00000       1.00000       0.17579       0.17579     227    7209       5.58261
      -0.00000      -0.00000       1.00000       0.19795       0.19795     188    7209       7.59041
      -0.00000      -0.00000       1.00000       0.06260       0.06260      61    7209       7.39822
      -0.00000      -0.00000       1.00000       0.24030       0.24030     335    7209       5.17105
      -0.00000      -0.00000       1.00000       0.08601       0.08601     161    7209       3.85125
      -0.00000      -0.00000       1.00000       0.06376       0.06376     131    7209       3.50874
      -0.00000      -0.00000       1.00000       0.12377       0.12377     190    7209       4.69609
      -0.00000      -0.00000       1.00000       0.09231       0.09231     149    7209       4.46607
      -0.00000      -0.00000       1.00000       0.02113       0.02113      30    7209       5.07869
      -0.00000      -0.00000      10.00000       0.00007       0.00069      30    7209       0.01659
      -0.00000      -0.00000       1.00000       0.05865       0.05865      48    7209       8.80805
      -0.00000      -0.00000      10.00000       0.00019       0.00187      48    7209       0.02805
      -0.00000      -0.00000       1.00000       0.04743       0.04743      58    7209       5.89535
      -0.00000      -0.00000       1.00000       0.05500       0.05500      68    7209       5.83073
      -0.00000      -0.00000       1.00000       0.03798       0.03798      70    7209       3.91144
      -0.00000      -0.00000       1.00000       0.05265       0.05265      64    7209       5.93031
      -0.00000      -0.00000       1.00000       0.04191       0.04191      74    7209       4.08260
      -0.00000      -0.00000       1.00000       0.04956       0.04956      73    7209       4.89403
      -0.00000      -0.00000       1.00000       0.06414       0.06414      75    7209       6.16524
      -0.00000      -0.00000       1.00000       0.05159       0.05159      80    7209       4.64865
      -0.00000      -0.00000       1.00000       0.04185       0.04185      73    7209       4.13270
      -0.00000      -0.00000       1.00000       0.04053       0.04053      80    7209       3.65208
      -0.00000      -0.00000       1.00000       0.03988       0.03988      69    7209       4.16647
      -0.00000      -0.00000       1.00000       0.04237       0.04237      68    7209       4.49211
      -0.00000      -0.00000       1.00000       0.04210       0.04210      59    7209       5.14353
      -0.00000      -0.00000       1.00000       0.03351       0.03351      60    7209       4.02679
      -0.00000      -0.00000       1.00000       0.03093       0.03093      50    7209       4.46014
      -0.00000      -0.00000       1.00000       0.00000       0.00000       0    7209      Infinity
      -0.00000      -0.00000       0.00000       0.07316       0.00000      98    7209       5.38210
      -0.00000      -0.00000       0.00000       0.79105       0.00000     571    7209       9.98717
      -0.00000      -0.00000       0.00000       1.03312       0.00000     827    7209       9.00574
      -0.00000      -0.00000       0.00000       1.08376       0.00000     850    7209       9.19159
      -0.00000      -0.00000       0.00000       1.26571       0.00000     841    7209      10.84956
      -0.00000      -0.00000       0.00000       1.13963       0.00000     780    7209      10.53280
      -0.00000      -0.00000       0.00000       0.86222       0.00000     763    7209       8.14647
      -0.00000      -0.00000       0.00000       1.01878       0.00000     721    7209      10.18635
      -0.00000      -0.00000       0.00000       0.88344       0.00000     676    7209       9.42123
      -0.00000      -0.00000       0.00000       0.79799       0.00000     589    7209       9.76694
      -0.00000      -0.00000       0.00000       0.95401       0.00000     506    7209      13.59188
      -0.00000      -0.00000       0.00000       0.00111       0.00000       4    7209       2.00646
      -0.00000      -0.00000       0.00000       0.02498       0.00000      23    7209       7.83090
      -0.00000      -0.00000       0.00000       0.04479       0.00000      48    7209       6.72741
      -0.00000      -0.00000       0.00000       0.03502       0.00000      38    7209       6.64325
      -0.00000      -0.00000       0.00000       0.01202       0.00000      16    7209       5.41567
      -0.00000      -0.00000       0.00000       0.01518       0.00000      15    7209       7.29769
      -0.00000      -0.00000       0.00000       0.00492       0.00000       9    7209       3.94186
      -0.00000      -0.00000       0.00000       0.01506       0.00000      10    7209      10.85369
      -0.00000      -0.00000       0.00000       0.00400       0.00000       9    7209       3.20752
      -0.00000      -0.00000       0.00000       0.01182       0.00000       9    7209       9.46687
      -0.00000      -0.00000       0.00000       0.05998       0.00000       5    7209      86.48039
      -0.00000      -0.00000       1.00000       6.36858       6.36858   11072    7209       4.14660
      -0.00000      -0.00000      10.00000       0.01892       0.18922   11072    7209       0.01232
      -0.00000      -0.00000       1.00000       7.17881       7.17881   15685    7209       3.29946
      -0.00000      -0.00000      10.00000       0.01970       0.19697   15685    7209       0.00905
      -0.00000      -0.00000       1.00000       0.10105       0.10105     150    7209       4.85641
      -0.00000      -0.00000       1.00000       0.22110       0.22110     364    7209       4.37885
      -0.00000      -0.00000       1.00000       0.22726       0.22726     374    7209       4.38056
      -0.00000      -0.00000       1.00000       0.21977       0.21977     319    7209       4.96643
      -0.00000      -0.00000       1.00000      18.07722      18.07722   11072    7209      11.77011
      -0.00000      -0.00000       1.00000      11.04541      11.04541   11072    7209       7.19169
      -0.00000      -0.00000       1.00000       9.15177       9.15177   11072    7209       5.95874
      -0.00000      -0.00000       1.00000       9.60692       9.60692   11072    7209       6.25509
      -0.00000      -0.00000       1.00000      13.35442      13.35442   11072    7209       8.69509
      -0.00000      -0.00000       1.00000      23.87863      23.87863   11072    7209      15.54742
      -0.00000      -0.00000       1.00000      54.88869      54.88869   11072    7209      35.73813
      -0.00000      -0.00000       1.00000     294.73393     294.73393   11072    7209     191.90182
      -0.00000      -0.00000       1.00000    2430.82524    2430.82524   11072    7209    1582.71492
      -0.00000      -0.00000       1.00000      28.45317      28.45317   21179    7209       9.68501
      -0.00000      -0.00000       1.00000      29.93193      29.93193   21179    7209      10.18836
      -0.00000      -0.00000       1.00000       0.43873       0.43873     539    7209       5.86786
      -0.00000      -0.00000       1.00000       0.51096       0.51096     539    7209       6.83391
      -0.00000      -0.00000       1.00000       0.44027       0.44027     923    7209       3.43871
      -0.00000      -0.00000       1.00000       0.45146       0.45146     923    7209       3.52612
      -0.00000      -0.00000       0.00000       0.01219       0.00000      33    7209       2.66220
      -0.00000      -0.00000       0.00000       0.01371       0.00000      33    7209       2.99586
      -0.00000      -0.00000      10.00000      18.29626     182.96262   18841    7209       7.00057
      -0.00000      -0.00000      10.00000       0.52908       5.29079     639    7209       5.96891
      -0.00000      -0.00000      10.00000      31.60472     316.04717   24483    7209       9.30598
      -0.00000      -0.00000      10.00000       0.56814       5.68142     692    7209       5.91870
      -0.00000      -0.00000       1.00000       2.89142       2.89142    4532    7209       4.59935
      -0.00000      -0.00000       1.00000       2.50342       2.50342    2912    7209       6.19752
      -0.00000      -0.00000       1.00000      27.00054      27.00054   47763    7209       4.07527
      -0.00000      -0.00000       1.00000      12.41861      12.41861   22380    7209       4.00026
      -0.00000      -0.00000       1.00000      15.01207      15.01207   25383    7209       4.26356
      -0.00000      -0.00000       0.00000       0.00000       0.00000       0    7209      Infinity
      -0.00000      -0.00000       1.00000       0.21338       0.21338     374    7209       4.11303
      -0.00000      -0.00000       1.00000       0.28711       0.28711     511    7209       4.05040
      -0.00000      -0.00000       1.00000       0.33577       0.33577     605    7209       4.00089
      -0.00000      -0.00000       1.00000       0.83388       0.83388    1489    7209       4.03724
      -0.00000      -0.00000       1.00000       0.96550       0.96550    1697    7209       4.10153
      -0.00000      -0.00000       1.00000       1.06688       1.06688    1853    7209       4.15063
      -0.00000      -0.00000       1.00000       1.10986       1.10986    1960    7209       4.08212
      -0.00000      -0.00000       1.00000       0.98159       0.98159    1751    7209       4.04129
      -0.00000      -0.00000       1.00000       0.71887       0.71887    1233    7209       4.20304
      -0.00000      -0.00000       1.00000      10.83267      10.83267   13850    7209       5.63847
      -0.00000      -0.00000       1.00000      18.83260      18.83260   33913    7209       4.00331
      -0.00000      -0.01268       1.00000       0.51233       0.51233     498    7209       7.41639
       0.00000       0.01134       1.00000       0.17559       0.17559     316    7209       4.00578
      -0.00000      -0.00072       1.00000       0.19929       0.19929     272    7209       5.28193
       0.00000       0.00514       1.00000       0.14705       0.14705     178    7209       5.95564
      -0.00000      -0.00282       1.00000       0.30619       0.30619     492    7209       4.48641
       0.00000       0.00459       1.00000       0.22188       0.22188     283    7209       5.65201
      -0.00000      -0.00097       1.00000       0.14980       0.14980     250    7209       4.31958
       0.00000       0.00148       1.00000       0.15616       0.15616     280    7209       4.02051
       0.00000       0.00570       1.00000       0.16989       0.16989     305    7209       4.01558
      -0.00000      -0.02006       1.00000       2.80542       2.80542    2615    7209       7.73394
       0.00000       0.05505       1.00000       3.03435       3.03435    2615    7209       8.36505
      -0.00000      -0.03991       1.00000       4.68839       4.68839    2615    7209      12.92489
       0.00000       0.00224       1.00000       7.90942       7.90942    2615    7209      21.80459
      -0.00000      -0.02431       1.00000       2.79395       2.79395    2615    7209       7.70232
       0.00000       0.04790       1.00000       3.95668       3.95668    2615    7209      10.90772
      -0.00000      -0.04007       1.00000       4.89016       4.89016    2615    7209      13.48114
      -0.00000      -0.02207       1.00000       4.03732       4.03732    2615    7209      11.13003
       0.00000       0.02258       1.00000       3.01349       3.01349    2615    7209       8.30755
      -0.00000      -0.01165       1.00000       2.53714       2.53714    2615    7209       6.99437
      -0.00000      -0.02628       1.00000       3.71257       3.71257    2615    7209      10.23478
       0.00000       0.03049       1.00000       4.15087       4.15087    2615    7209      11.44308
      -0.00000      -0.04161       1.00000       6.27826       6.27826    2615    7209      17.30784
       0.00000       0.00355       1.00000       2.55507       2.55507    2615    7209       7.04379
      -0.00000      -0.01717       1.00000       4.03732       4.03732    2615    7209      11.13003
       0.00000       0.12304       1.00000       4.46933       4.46933    2615    7209      12.32099
      -0.00000      -0.03255       1.00000       4.19536       4.19536    2615    7209      11.56571
      -0.00000      -0.02332       1.00000       3.91772       3.91772    2615    7209      10.80032
       0.00000       0.00383       1.00000       0.73287       0.73287    1313    7209       4.02381
      -0.00000      -0.00383       1.00000       0.73287       0.73287    1313    7209       4.02381
      -0.00000      -0.00000       1.00000       9.05264       9.05264    9645    7209       6.76625
      -0.00000      -0.00000       1.00000      42.11831      42.11831   48428    7209       6.26974
       0.00000      -0.00000       0.00000       1.00000       0.00000    9999    7209      -0.01010
       0.00000      -0.00000       0.00000       1.00000       0.00000    9999    7209      -0.01010
       0.00000      -0.00000       0.00000       1.00000       0.00000    9999    7209      -0.01010
       0.00000      -0.00000       0.00000       1.00000       0.00000    9999    7209      -0.01010
       0.00000      -0.00000       0.00000       1.00000       0.00000    9999    7209      -0.01010

 DpWDinv(kk,kk)
    12.19285
     0.26174
     0.35499
     3.39448
     1.24221
     2.97036
     0.17905
     0.85578
     0.89235
     2.14337
************
************
    15.44603
************
************
************
************
************
************
************
************
************
************
     4.09493
     4.47703
     3.16899
    10.21514
     6.57649
     2.12794
     4.13600
     3.92060
    20.74342
     3.01143
     4.89445
     7.09523
     3.85386
    13.23607
    11.89174
     6.58676
     7.61133
     9.41403
    10.89687
     1.21118
************
     0.23213
     0.11393
************
************
    70.91691
    25.09741
************
    29.81304
    20.30433
    40.17500
   460.46512
************
    53.23807
   154.85926
    25.93875
     4.49801
************
    46.57893
   228.83056
   340.49796
   410.69611
************

 SEmat
     0.00486
     0.00009
     0.00006
     0.00154
     0.00079
     0.00038
     0.00007
     0.00017
     0.00028
     0.00065
************
************
     0.00525
769222.89756
************
184439.15740
488728.00842
192449.22808
295678.37725
************
580135.43117
 42439.40364
 29083.31501
     0.00011
     0.00062
     0.00014
     0.00068
     0.00038
     0.00057
     0.00030
     0.00020
     0.00469
     0.00174
     0.00009
     0.00036
     0.00017
     0.00032
     0.00024
     0.00030
     0.00034
     0.00024
     0.00317
     0.00029
************
     0.00005
     0.00002
************
************
     0.09982
     0.00519
************
     0.00970
     0.00762
     0.05924
     0.17038
************
     0.03491
     0.06292
     0.02901
     0.00105
************
     0.01523
     0.07165
     0.10940
     0.15846
************

