   3.6213685859153739     
  -1.1917030954518852     
   3.6817364081865165     
  -100.00000000000000     
  0.49868918224310121     
  -1.0321394562499300     
   2.3224186701635050     
  -100.00000000000000     
   2.1793729288352681     
  0.75621882387889050     
  0.99111039282413649     
   8.4210104817474346E-002
   3.0000000000000000     
   0.0000000000000000     
   0.0000000000000000     
  -1.4176109539371322     
   0.0000000000000000     
   0.0000000000000000     
   0.0000000000000000     
  -1.2209985945425630     
  -2.5000000000000000     
   8405.3170827300473     
   12981.440285461351     
  -357.11327501078409     
  -2255.3948178694409     
  -2.0000000000000000     
  -5.2741098495421159     
  -4.8129555682656600     
  -5.0775457004420756     
  -3.4746367949549386     
  -14.225375978118867     
  -2.4309280257079804     
   1358.7599000000059     
   0.0000000000000000     
   3354.4869999999619     
   4763.7679000000071     
   3323.4806073226050     
   5072.9305999999997     
   5328.9858999999360     
   2500.1244603383620     
   4298.3865999999998     
  -1.2728713022882280E-002
  -1.8291784829379112E-002
   0.0000000000000000     
   1.6096562191385957E-002
  -1.0949823094937153E-002
 -0.25557602807448948     
   9.4129363069527988E-002
  -6.9151527254093792E-002
  0.11085410706717190     
 -0.63516358112181326     
  -1.8666491156598286     
   0.0000000000000000     
   8.2091039566581064E-002
  0.12489370262030998     
   8.5410795440145210E-002
   9.2043362416762489E-002
   4.9523100123268202E-002
   9.8229586561523002E-002
 -0.34205903504946511     
  -9.3492826700829590E-002
  0.20037584512845347     
 -0.39476286864808185     
 -0.94234568970968136     
   0.0000000000000000     
 -0.41998265983986749     
 -0.75621882387888983     
   3.7925863827725097     
 -0.77550205657250615     
   0.0000000000000000     
   0.0000000000000000     
   9.1909241996348623     
   9.3218905880605405     
  -5864.6257093221393     
  -4.0000000000000000     
 -0.19786340017660015     
 -0.57719064483358018     
   9.1218905880605519     
   9.0218905880604385     
  -4978.7989797467089     
  -4.0000000000000000     
 -0.21402531472306888     
 -0.24875794413104171     
   9.0964037633592945     
   9.1218905880605519     
  -6076.3627657380766     
  -4.0000000000000000     
   5.9329171327129594E-002
 -0.19039653926582403     
   9.5218905880604385     
   8.4060175721875829     
  -6218.9058806055527     
  -2.0000000000000000     
