 neval,hmin,hmean,hstd so far from pnmead are:
          66   181.95048104189095        187.61983995540189        3.6904282263952402     

 parameters that correspond to hminvalue so far are:
   1.4654241927334519     
 -0.70294567575428268     
   5.2415601562904364     
  -100.00000000000000     
   4.0335110468111675E-002
  -1.2761444898154399     
   2.4528404237034342     
  -100.00000000000000     
   2.1799760010754432     
  0.19945525876925538     
 -0.34783696815265230     
 -0.72506477530024971     
   3.0000000000000000     
   0.0000000000000000     
   0.0000000000000000     
  -1.5320408164706654     
   0.0000000000000000     
   0.0000000000000000     
   0.0000000000000000     
  -1.2209985945425648     
  -2.5000000000000000     
   9483.7027890385962     
   14584.069260194416     
   37.504154558111146     
  -1266.4723686258462     
  -2.0000000000000000     
  -4.5523735189459122     
  -3.4229044307568963     
  -5.7821007349792080     
  -5.2875088160006891     
  -15.999916472574334     
  -2.7155700463732306     
   1358.7599000000000     
   0.0000000000000000     
   3354.4870000000001     
   4763.7678999999998     
   3323.4806073226241     
   5072.9305999999997     
   5328.9858999999997     
   2500.1244603383393     
   4298.3865999999998     
 -0.23878917294989316     
   8.3376221863689551E-002
   0.0000000000000000     
  -3.3410191285271111E-002
   7.1455161923932697E-002
 -0.13206573893681905     
   3.0206668631569053E-002
  -7.8922570987513055E-002
  -6.4430662667958336E-003
  -1.5833590057549862     
  -2.1435180586050957     
   0.0000000000000000     
 -0.18606020429403372     
  0.15564051501028439     
   8.5410795440145321E-002
   3.3255572221500334E-003
  -3.3282531331488577E-002
  -1.2842615595793567E-002
 -0.18619371412210958     
 -0.13454644181267672     
  -1.6060439957362917E-002
 -0.50772874564380299     
  -1.7798640873138349     
   0.0000000000000000     
 -0.41165509513769394     
 -0.71346038165566839     
   3.7262382543271260     
 -0.36403658389218069     
   0.0000000000000000     
   0.0000000000000000     
   9.0136332654401539     
   9.4230049098349564     
  -22836.698692842976     
  -4.0000000000000000     
  -2.0565112839576276     
 -0.88035562342483509     
   9.1751242589287951     
   8.8852656314306948     
  -7117.8245169739157     
  -4.0000000000000000     
   3.1642608859336091E-002
  -1.2186920601939550     
   9.1078415161586790     
   9.1007480168916981     
  -3805.1066756077257     
  -4.0000000000000000     
  0.86502939943759416     
  0.51360343579107848     
   9.5037079498776631     
   8.6081424471080936     
  -4333.3719166801784     
  -2.0000000000000000     
