 neval,hmin,hmean,hstd so far from pnmead are:
          66   178.42500636700441        192.45552063377787        16.878651721226845     

 parameters that correspond to hminvalue so far are:
   1.4734847086064691     
 -0.69488515988126687     
   5.2496206721634460     
  -100.00000000000000     
   4.8395626341127505E-002
  -1.2680839739424239     
   2.4609009395764523     
  -100.00000000000000     
   2.1880365169484599     
  0.20751577464227144     
 -0.33977645227963627     
 -0.96700425942723323     
   3.0000000000000000     
   0.0000000000000000     
   0.0000000000000000     
  -1.5401013323436810     
   0.0000000000000000     
   0.0000000000000000     
   0.0000000000000000     
  -1.2209985945425648     
  -2.5000000000000000     
   9448.8250631599167     
   14533.638188214696     
   47.255194619033375     
  -1237.2234051914716     
  -2.0000000000000000     
  -4.5765550665649579     
  -3.4470859783759411     
  -5.8062822825982492     
  -5.3116903636197419     
  -16.032158536066415     
  -2.7236305622462429     
   1358.7599000000000     
   0.0000000000000000     
   3354.4870000000001     
   4763.7678999999998     
   3323.4806073226241     
   5072.9305999999997     
   5328.9858999999997     
   2500.1244603383393     
   4298.3865999999998     
 -0.24281943088640090     
   7.9345963927181587E-002
   0.0000000000000000     
  -3.7440449221779075E-002
   6.7424903987424761E-002
 -0.13609599687332685     
   2.6176410695061159E-002
  -8.2952828924021005E-002
  -1.0473324203303774E-002
  -1.5914195216280036     
  -2.1515785744781128     
   0.0000000000000000     
 -0.19009046223054193     
  0.15161025707377629     
   8.5410795440145321E-002
  -7.0470071435790177E-004
  -3.7312789267996506E-002
  -1.6872873532301515E-002
 -0.19022397205861732     
 -0.13857669974918474     
  -2.0090697893870843E-002
 -0.51578926151681947     
  -1.7879246031868483     
   0.0000000000000000     
 -0.41971561101071031     
 -0.72152089752868442     
   3.7504198019461703     
 -0.37209709976519700     
   0.0000000000000000     
   0.0000000000000000     
   9.0096030075036548     
   9.4189746518984396     
  -22796.396113477913     
  -4.0000000000000000     
  -2.0686020577671513     
 -0.89244639723435970     
   9.1710940009922783     
   8.8891718814307019     
  -7077.5219376088407     
  -4.0000000000000000     
   1.9551835049812286E-002
  -1.2307828340034803     
   9.1038112582221764     
   9.0967177589551866     
  -3764.8040962426485     
  -4.0000000000000000     
  0.85293862562807032     
  0.50151266198155509     
   9.4996776919411481     
   8.6041121891715804     
  -4293.0693373150934     
  -2.0000000000000000     
