   1.2875823050555941     
 -0.61091404792207427     
   5.4118659015197155     
  -100.00000000000000     
  -4.0996316739566857E-002
  -1.4026751748698043     
   2.4781421910211465     
  -100.00000000000000     
   2.2154478642365865     
  0.13354479622852847     
 -0.55107926164367749     
 -0.50837686782370328     
   3.0000000000000000     
   0.0000000000000000     
   0.0000000000000000     
  -1.7190388428465697     
   0.0000000000000000     
   0.0000000000000000     
   0.0000000000000000     
  -1.2209985945425645     
  -2.5000000000000000     
   9588.9440672631717     
   14732.681974974283     
   14.853008818911668     
  -1010.9442968641765     
  -2.0000000000000000     
  -4.9178087645882655     
  -2.2837432722604114     
  -5.7615673248188575     
  -5.9013468512643961     
  -13.830591965871177     
  -2.7579892854195212     
   1358.7598999999716     
   0.0000000000000000     
   3354.4870000000210     
   4763.7678999999280     
   3323.4806073225818     
   5072.9305999999997     
   5328.9859000001197     
   2500.1244603383111     
   4298.3865999999998     
 -0.27007218086004064     
  0.10502031741232185     
   0.0000000000000000     
  -5.0289682256460917E-002
   8.0858439091790857E-002
 -0.12617945160824881     
   3.4670631191567342E-003
  -8.8617586372175511E-002
  -5.7137363358903619E-002
  -1.7189249963378357     
  -2.3244577369059476     
   0.0000000000000000     
 -0.26659524999318773     
  0.14092444429662748     
   8.5410795440145473E-002
  -1.0694325504385219E-002
  -5.4935545045578946E-002
  -3.9871940275148780E-002
 -0.17138248615133650     
 -0.12555134914209465     
  -6.3959701828114349E-002
 -0.54542760023295989     
  -1.8712966599586265     
   0.0000000000000000     
 -0.43249721657434381     
 -0.73533413713759743     
   3.7581546573721591     
 -0.28884787506873943     
   0.0000000000000000     
   0.0000000000000000     
   8.9623598678233236     
   9.4253330218939304     
  -25495.952184101254     
  -4.0000000000000000     
  -2.2785880755962316     
 -0.98478724642311743     
   9.2000922385998471     
   8.8581632419317735     
  -7367.0079247274043     
  -4.0000000000000000     
   4.3160048311198435E-002
  -1.5182497338446974     
   9.1111944884378762     
   9.0847415966946770     
  -3726.9281297696616     
  -4.0000000000000000     
  0.88138689429754047     
  0.46274996519082540     
   9.5018969947685044     
   8.5684253658432379     
  -3929.6520100757662     
  -2.0000000000000000     
