   1.4300361018918970     
 -0.66085985717855844     
   5.2502536241591464     
  -100.00000000000000     
   4.9470196265588087E-003
  -1.3115325806569815     
   2.4174523328618838     
  -100.00000000000000     
   2.1445879102338945     
  0.20061150596497687     
 -0.37495005106057278     
 -0.51045286614180529     
   3.0000000000000000     
   0.0000000000000000     
   0.0000000000000000     
  -1.4919418039345815     
   0.0000000000000000     
   0.0000000000000000     
   0.0000000000000000     
  -1.2209985945425639     
  -2.5000000000000000     
   9636.8265035980457     
   14520.922572268382     
   50.031409418186662     
  -1394.8841218365819     
  -2.0000000000000000     
  -4.4462092464212182     
  -3.3167401582322218     
  -5.6759364624545565     
  -5.1813445434760448     
  -15.987363857255517     
  -2.6248943973328669     
   1358.7599000000046     
   0.0000000000000000     
   3354.4869999999819     
   4763.7679000000035     
   3323.4806073226150     
   5072.9305999999997     
   5328.9858999999669     
   2500.1244603383466     
   4298.3865999999998     
 -0.22109512752911659     
  0.10107026728446601     
   0.0000000000000000     
  -5.2105962015641515E-002
   6.2208476663691670E-002
 -0.14034048860375303     
   1.4736263925157839E-002
  -6.1228525566736428E-002
 -0.37168552878252714     
  -1.6848400741684919     
  -2.1081299677635417     
   0.0000000000000000     
 -0.19515936015422777     
  0.14497738234763555     
   8.5410795440145210E-002
  -8.2753589783853380E-003
  -3.3298434344160729E-002
  -1.1785442443030638E-002
 -0.18735190657770537     
 -0.14361859520244380     
   1.4803779631523250E-002
 -0.47234065480224918     
  -1.7444759964722907     
   0.0000000000000000     
 -0.43305416066975988     
 -0.67971783742988157     
   3.9536258854721860     
 -0.32864849305062688     
   0.0000000000000000     
   0.0000000000000000     
   9.0313273108609078     
   9.4152495016524309     
  -22812.957098606239     
  -4.0000000000000000     
  -2.0034291476953108     
 -0.77165496569110115     
   9.2024153136501550     
   8.9412632368776279     
  -7294.7649711817057     
  -4.0000000000000000     
   8.4724745121665640E-002
  -1.3469596863492694     
   9.1255355615794329     
   9.1012770353692911     
  -3982.0471298155085     
  -4.0000000000000000     
  0.91811153569993009     
  0.56668557205340908     
   9.5214019952984312     
   8.6258364925288618     
  -4510.3123708879684     
  -2.0000000000000000     
