   1.      emp,cur,m                  10704.28            10704.28        3.8417        3.8417        0.9711        0.9711
   1.      emp,cur,m                  10704.28            10704.28        3.8417        3.8417        0.9711        0.9711
   1.      emp,cur,m                  10704.28            10689.65        3.8417        2.8417        0.9711        0.9251
   2.      emp,cur,m                  10704.28            10689.15       -0.9479       -1.9479        0.0081        0.0030
   3.      emp,of,m                   10704.28            11175.04        3.3414        2.3414        0.9339        0.8387
   5.      emp,cur,f                  10704.28            10864.85        0.2624       -0.7376        0.4720        0.2474
   6.      emp,cur,f                  10704.28            10492.02       -0.7884       -1.7884        0.1650        0.0678
   7.      emp,of,f                   10704.28            10586.11        2.4740        1.4740        0.8558        0.6859
   9.      u,cur,m                    10704.28            10758.18        2.2566        1.2566        0.9052        0.7784
  10.      u,of,m                     10704.28            10625.72        1.0000        0.0000        0.7311        0.5000
  11.      u,cur,f                    10704.28            10933.46        1.0000        0.0000        0.7311        0.5000
  12.      u,of,f                     10704.28            10526.90        0.1000       -0.9000        0.5250        0.2891
  16.      p(ex=1|ex=1),e             10704.28            10730.95       -1.5000       -0.5000        0.8176        0.6225
  22.      uhome(1)                   10704.28             9962.25     8653.9687    12980.9530     8653.9687    12980.9530
  23.      uhome(2)                   10704.28            10656.37    12513.1128    18769.6691    12513.1128    18769.6691
  24.      ecst                       10704.28            10526.73     -483.8916    -1693.6206     -483.8916    -1693.6206
  25.      kcst                       10704.28            10150.27    -1451.4686    -5080.1400    -1451.4686    -5080.1400
  27.      alphaed(m,ned)             10704.28            10669.96       -4.0000       -1.0000      179.8621     2689.4142
  28.      alphaed(f,ned)             10704.28            10751.46       -3.0000        0.0000      474.2587     5000.0000
  29.      alphaed(m,ed)              10704.28            10691.83       -5.3000       -2.3000       49.6680      911.2296
  30.      alphaed(f,ed)              10704.28            10667.88       -4.0000       -1.0000      179.8621     2689.4142
  31.      alphakid(m)                10704.28            10704.28      -13.5955       -9.5955        0.0125        0.6803
  32.      alphakid(f)                10704.28            10694.23       -2.6747       -1.6747      644.8231     1577.9733
  42.      alf10                      10704.28            10743.65       -0.0049        0.4951       -0.0049        0.4951
  43.      alf10                      10704.28             9982.79       -0.0931        0.4069       -0.0931        0.4069
  45.      alf10                      10704.28            14204.34       -0.0515        0.4485       -0.0515        0.4485
  46.      alf10                      10704.28             9848.91       -0.0834        0.4166       -0.0834        0.4166
  47.      alf10                      10704.28            11057.71       -0.1448        0.3552       -0.1448        0.3552
  48.      alf10                      10704.28            12448.43        0.0367        0.5367        0.0367        0.5367
  49.      alf10                      10704.28            10368.77       -0.1910        0.3090       -0.1910        0.3090
  50.      alf10                      10704.28            14984.75        0.0575        0.5575        0.0575        0.5575
  51.      alf11                      10704.28            10804.93       -0.7539        0.2461        0.3200        0.5612
  52.      alf12                      10704.28            10991.21       -1.0000        0.0000        0.2689        0.5000
  54.      alf20                      10704.28            10421.91        0.1780        0.6780        0.1780        0.6780
  55.      alf20                      10704.28            10584.00        0.0362        0.5362        0.0362        0.5362
  57.      alf20                      10704.28            11294.82       -0.0298        0.4702       -0.0298        0.4702
  58.      alf20                      10704.28            10377.10       -0.0724        0.4276       -0.0724        0.4276
  59.      alf20                      10704.28            10566.30       -0.0237        0.4763       -0.0237        0.4763
  60.      alf20                      10704.28            10790.73       -0.0652        0.4348       -0.0652        0.4348
  61.      alf20                      10704.28            10644.35       -0.0720        0.4280       -0.0720        0.4280
  62.      alf20                      10704.28            11384.31        0.0785        0.5785        0.0785        0.5785
  63.      alf21                      10704.28            10728.02       -0.2628        0.7372        0.4347        0.6764
  64.      alf22                      10704.28            10745.13       -1.0000        0.0000        0.2689        0.5000
  66.      sig_wge                    10704.28            11009.22       -0.5000        0.5000        0.3775        0.6225
  67.      sig_wge                    10704.28            10936.33       -1.0000        0.0000        0.2689        0.5000
  68.      sigo_m                     10704.28            10000.22        3.0000        0.0000    47628.7063    25000.0000
  69.      sigo_f                     10704.28            11056.28       -1.0000        0.0000    13447.0711    25000.0000
  72.      alf1t                      10704.28            10934.33        9.1000        9.6000        9.1000        9.6000
  73.      alf2t                      10704.28            10759.69        9.2000        9.7000        9.2000        9.7000
  74.      cst                        10704.28            10952.80    -5000.0000        0.0000    -5000.0000        0.0000
  76.      ptypehs                    10704.28            10596.75        0.0000        1.5000        0.2500        0.5990
  77.      ptypecol                   10704.28            10632.77        0.0000        1.5000        0.2500        0.5990
  78.      alf1t                      10704.28            10945.30        9.0000        9.5000        9.0000        9.5000
  79.      alf2t                      10704.28            10748.38        8.9000        9.4000        8.9000        9.4000
  80.      cst                        10704.28            10999.66    -5000.0000        0.0000    -5000.0000        0.0000
  82.      ptypehs                    10704.28            10683.43        0.0000        1.5000        0.2500        0.5990
  83.      ptypecol                   10704.28            10673.52        0.0000        1.5000        0.2500        0.5990
  84.      alf1t                      10704.28            10888.50        9.2000        9.7000        9.2000        9.7000
  85.      alf2t                      10704.28            10722.72        9.0000        9.5000        9.0000        9.5000
  86.      cst                        10704.28            11008.76    -5000.0000        0.0000    -5000.0000        0.0000
  88.      ptypehs                    10704.28            10780.54        0.0000        1.5000        0.2500        0.5990
  89.      ptypecol                   10704.28            10771.98        0.0000        1.5000        0.2500        0.5990
  90.      alf1t                      10704.28            10785.92        9.4000        9.9000        9.4000        9.9000
  91.      alf2t                      10704.28            10723.18        8.8000        9.3000        8.8000        9.3000
  92.      cst                        10704.28            10976.80    -5000.0000        0.0000    -5000.0000        0.0000
  23.      uhome(2)                   10704.28            10881.41    12513.1128    12711.7336    12513.1128    12711.7336
  23.      uhome(2)                   10704.28             9716.00    12513.1128    12718.0390    12513.1128    12718.0390
  23.      uhome(2)                   10704.28            11019.33    12513.1128    12922.9653    12513.1128    12922.9653
  23.      uhome(2)                   10704.28            10382.11    12513.1128    12724.5446    12513.1128    12724.5446
  23.      uhome(2)                   10704.28            10208.41    12513.1128    12935.9765    12513.1128    12935.9765
  23.      uhome(2)                   10704.28            10568.95    12513.1128    12737.9689    12513.1128    12737.9689
  23.      uhome(2)                   10704.28            10259.51    12513.1128    12962.8250    12513.1128    12962.8250
  23.      uhome(2)                   10704.28            10409.10    12513.1128    12752.2454    12513.1128    12752.2454
  23.      uhome(2)                   10704.28            10157.05    12513.1128    12991.3781    12513.1128    12991.3781
  23.      uhome(2)                   10704.28            10571.10    12513.1128    12767.4285    12513.1128    12767.4285
  23.      uhome(2)                   10704.28            10756.17    12513.1128    13021.7442    12513.1128    13021.7442
  23.      uhome(2)                   10704.28            10553.03    12513.1128    12775.5020    12513.1128    12775.5020
  23.      uhome(2)                   10704.28            10400.65    12513.1128    13037.8912    12513.1128    13037.8912
  23.      uhome(2)                   10704.28            10523.06    12513.1128    12792.1616    12513.1128    12792.1616
  23.      uhome(2)                   10704.28            10358.87    12513.1128    13071.2105    12513.1128    13071.2105
  23.      uhome(2)                   10704.28            10940.54    12513.1128    12809.8790    12513.1128    12809.8790
  23.      uhome(2)                   10704.28            11174.08    12513.1128    13106.6452    12513.1128    13106.6452
  23.      uhome(2)                   10704.28            10266.74    12513.1128    12819.3001    12513.1128    12819.3001
  23.      uhome(2)                   10704.28             9749.08    12513.1128    13125.4875    12513.1128    13125.4875
  23.      uhome(2)                   10704.28            10457.42    12513.1128    12838.7406    12513.1128    12838.7406
  23.      uhome(2)                   10704.28            10200.70    12513.1128    12849.0780    12513.1128    12849.0780
  23.      uhome(2)                   10704.28            10392.41    12513.1128    13185.0433    12513.1128    13185.0433
  23.      uhome(2)                   10704.28            10663.74    12513.1128    12859.7436    12513.1128    12859.7436
  23.      uhome(2)                   10704.28            10614.63    12513.1128    13206.3744    12513.1128    13206.3744
  23.      uhome(2)                   10704.28            10364.45    12513.1128    12881.7519    12513.1128    12881.7519
  23.      uhome(2)                   10704.28             9778.80    12513.1128    13250.3910    12513.1128    13250.3910
  92.      cst                        10704.28            10166.03    -5000.0000    -9845.4230    -5000.0000    -9845.4230
  92.      cst                        10704.28             9218.69    -5000.0000   -19690.8460    -5000.0000   -19690.8460
  92.      cst                        10704.28            14654.09    -5000.0000    -5480.7673    -5000.0000    -5480.7673
  86.      cst                        10704.28            10327.71    -5000.0000    -9825.5158    -5000.0000    -9825.5158
  86.      cst                        10704.28             9565.36    -5000.0000   -19651.0316    -5000.0000   -19651.0316
  23.      uhome(2)                   10704.28            10455.94    12513.1128    12956.5410    12513.1128    12956.5410
  23.      uhome(2)                   10704.28            10297.79    12513.1128    13399.9692    12513.1128    13399.9692
  86.      cst                        10704.28             9645.91    -5000.0000    -5478.5256    -5000.0000    -5478.5256
  86.      cst                        10704.28            11161.04    -5000.0000    -6121.2827    -5000.0000    -6121.2827
  23.      uhome(2)                   10704.28            10473.97    12513.1128    12986.4110    12513.1128    12986.4110
  23.      uhome(2)                   10704.28            10570.46    12513.1128    13459.7092    12513.1128    13459.7092
  23.      uhome(2)                   10704.28            10217.28    12513.1128    13001.4363    12513.1128    13001.4363
  23.      uhome(2)                   10704.28             9790.36    12513.1128    13489.7599    12513.1128    13489.7599
  23.      uhome(2)                   10704.28            11954.12    12513.1128    12024.7892    12513.1128    12024.7892
  23.      uhome(2)                   10704.28            11273.71    12513.1128    12985.9340    12513.1128    12985.9340
  23.      uhome(2)                   10704.28            11354.13    12513.1128    13458.7552    12513.1128    13458.7552
  23.      uhome(2)                   10704.28            10077.20    12513.1128    13000.9442    12513.1128    13000.9442
  23.      uhome(2)                   10704.28             9582.37    12513.1128    13488.7756    12513.1128    13488.7756
  23.      uhome(2)                   10704.28            10350.37    12513.1128    13031.9176    12513.1128    13031.9176
  23.      uhome(2)                   10704.28            10043.64    12513.1128    13550.7224    12513.1128    13550.7224
  23.      uhome(2)                   10704.28             9381.08    12513.1128    13064.8576    12513.1128    13064.8576
  23.      uhome(2)                   10704.28             8938.97    12513.1128    13616.6024    12513.1128    13616.6024
  23.      uhome(2)                   10704.28            11349.21    12513.1128    12029.3393    12513.1128    12029.3393
  23.      uhome(2)                   10704.28            15344.41    12513.1128    10507.9562    12513.1128    10507.9562
  23.      uhome(2)                   10704.28            10005.28    12513.1128    13051.5911    12513.1128    13051.5911
  23.      uhome(2)                   10704.28             9537.30    12513.1128    13590.0695    12513.1128    13590.0695
  23.      uhome(2)                   10704.28             9976.57    12513.1128    13085.7802    12513.1128    13085.7802
  23.      uhome(2)                   10704.28             9374.39    12513.1128    13658.4477    12513.1128    13658.4477
  23.      uhome(2)                   10704.28             9759.65    12513.1128    13122.1401    12513.1128    13122.1401
  23.      uhome(2)                   10704.28             8864.90    12513.1128    13731.1674    12513.1128    13731.1674
  23.      uhome(2)                   10704.28            12554.64    12513.1128    11904.0854    12513.1128    11904.0854
  23.      uhome(2)                   10704.28            16367.96    12513.1128    10077.0035    12513.1128    10077.0035
  92.      cst                        10704.28            10702.93    -5000.0000    -5904.6053    -5000.0000    -5904.6053
  92.      cst                        10704.28            11510.55    -5000.0000    -7255.2209    -5000.0000    -7255.2209
  92.      cst                        10704.28            10373.88    -5000.0000    -6058.9290    -5000.0000    -6058.9290
  92.      cst                        10704.28            11508.22    -5000.0000    -7671.8861    -5000.0000    -7671.8861
  23.      uhome(2)                   10704.28             9890.24    12513.1128    13058.9857    12513.1128    13058.9857
  23.      uhome(2)                   10704.28             9599.81    12513.1128    13604.8587    12513.1128    13604.8587
  23.      uhome(2)                   10704.28             9664.67    12513.1128    13597.4702    12513.1128    13597.4702
  23.      uhome(2)                   10704.28             8124.44    12513.1128    15170.1512    12513.1128    15170.1512
  23.      uhome(2)                   10704.28             9337.90    12513.1128    13193.4971    12513.1128    13193.4971
  23.      uhome(2)                   10704.28             8382.14    12513.1128    13873.8814    12513.1128    13873.8814
  23.      uhome(2)                   10704.28             9592.65    12513.1128    13236.6961    12513.1128    13236.6961
  23.      uhome(2)                   10704.28            10025.94    12513.1128     6804.4898    12513.1128     6804.4898
  23.      uhome(2)                   10704.28            18148.24    12513.1128    -5160.6896    12513.1128    -5160.6896
  74.      cst                        10704.28             9141.95    -5000.0000    -9543.1724    -5000.0000    -9543.1724
  74.      cst                        10704.28             7709.94    -5000.0000   -19086.3448    -5000.0000   -19086.3448
  74.      cst                        10704.28             8971.19    -5000.0000    -5878.3431    -5000.0000    -5878.3431
  92.      cst                        10704.28             9238.06    -5000.0000    -5763.2029    -5000.0000    -5763.2029
  92.      cst                        10704.28             7920.16    -5000.0000    -6526.4058    -5000.0000    -6526.4058
  92.      cst                        10704.28             9349.71    -5000.0000    -5811.6602    -5000.0000    -5811.6602
  92.      cst                        10704.28             8198.30    -5000.0000    -6623.3204    -5000.0000    -6623.3204
  92.      cst                        10704.28             8867.37    -5000.0000    -5495.5287    -5000.0000    -5495.5287
  74.      cst                        10704.28            11668.07    -5000.0000    -6260.6412    -5000.0000    -6260.6412
  92.      cst                        10704.28             9263.06    -5000.0000    -6136.1030    -5000.0000    -6136.1030
  92.      cst                        10704.28             8603.77    -5000.0000    -7532.4353    -5000.0000    -7532.4353
  92.      cst                        10704.28             8759.54    -5000.0000    -5956.2685    -5000.0000    -5956.2685
  92.      cst                        10704.28             7293.57    -5000.0000    -6912.5370    -5000.0000    -6912.5370
  92.      cst                        10704.28             7764.47    -5000.0000    -6490.5633    -5000.0000    -6490.5633
  92.      cst                        10704.28             5996.15    -5000.0000    -8440.1342    -5000.0000    -8440.1342
  92.      cst                        10704.28             9725.14    -5000.0000    -6140.7662    -5000.0000    -6140.7662
  92.      cst                        10704.28             9020.91    -5000.0000    -6547.7831    -5000.0000    -6547.7831
  92.      cst                        10704.28             9539.85    -5000.0000    -6514.5404    -5000.0000    -6514.5404
  92.      cst                        10704.28            14413.99    -5000.0000    -6902.0399    -5000.0000    -6902.0399
  92.      cst                        10704.28             8288.68    -5000.0000    -6373.2176    -5000.0000    -6373.2176
  92.      cst                        10704.28             8905.23    -5000.0000    -6792.9937    -5000.0000    -6792.9937
  92.      cst                        10704.28             8747.78    -5000.0000    -6485.3070    -5000.0000    -6485.3070
  92.      cst                        10704.28             8533.89    -5000.0000    -6742.1511    -5000.0000    -6742.1511
  80.      cst                        10704.28             8052.93    -5000.0000    -9125.0783    -5000.0000    -9125.0783
  80.      cst                        10704.28             6093.62    -5000.0000   -18250.1566    -5000.0000   -18250.1566
  92.      cst                        10704.28             8203.20    -5000.0000    -6743.9090    -5000.0000    -6743.9090
  23.      uhome(2)                   10704.28             9680.84    12513.1128    12983.7223    12513.1128    12983.7223
  92.      cst                        10704.28             8011.17    -5000.0000    -6710.2325    -5000.0000    -6710.2325
  92.      cst                        10704.28             6104.52    -5000.0000    -8420.4650    -5000.0000    -8420.4650
  92.      cst                        10704.28             7848.65    -5000.0000    -6818.8187    -5000.0000    -6818.8187
  92.      cst                        10704.28             5990.60    -5000.0000    -8637.6374    -5000.0000    -8637.6374
  92.      cst                        10704.28             7603.86    -5000.0000    -6934.2993    -5000.0000    -6934.2993
  92.      cst                        10704.28             7593.84    -5000.0000    -6995.7056    -5000.0000    -6995.7056
  92.      cst                        10704.28             7997.68    -5000.0000    -7491.7579    -5000.0000    -7491.7579
  92.      cst                        10704.28             6959.75    -5000.0000   -10402.8986    -5000.0000   -10402.8986
  23.      uhome(2)                   10704.28             9012.53    12513.1128    13530.3178    12513.1128    13530.3178
  80.      cst                        10704.28             9824.70    -5000.0000    -5829.2469    -5000.0000    -5829.2469
  80.      cst                        10704.28            11984.95    -5000.0000    -7977.0333    -5000.0000    -7977.0333
  92.      cst                        10704.28             9415.80    -5000.0000    -6299.2737    -5000.0000    -6299.2737
  92.      cst                        10704.28             8552.41    -5000.0000    -7172.1912    -5000.0000    -7172.1912
  92.      cst                        10704.28             8424.04    -5000.0000    -6520.7496    -5000.0000    -6520.7496
  92.      cst                        10704.28            10859.08    -5000.0000    -7343.2652    -5000.0000    -7343.2652
  92.      cst                        10704.28             7512.56    -5000.0000    -7267.2613    -5000.0000    -7267.2613
  92.      cst                        10704.28             7497.40    -5000.0000    -7339.2378    -5000.0000    -7339.2378
  92.      cst                        10704.28             5728.33    -5000.0000    -9678.4757    -5000.0000    -9678.4757
  92.      cst                        10704.28             6946.95    -5000.0000    -7487.7609    -5000.0000    -7487.7609
  92.      cst                        10704.28             5366.21    -5000.0000    -9975.5218    -5000.0000    -9975.5218
  92.      cst                        10704.28            15402.54    -5000.0000    -2512.2391    -5000.0000    -2512.2391
  92.      cst                        10704.28             7562.90    -5000.0000    -7408.7844    -5000.0000    -7408.7844
  92.      cst                        10704.28             5292.23    -5000.0000   -10051.9911    -5000.0000   -10051.9911
  92.      cst                        10704.28             9317.43    -5000.0000   -17591.7431    -5000.0000   -17591.7431
  92.      cst                        10704.28             7633.52    -5000.0000    -7190.5846    -5000.0000    -7190.5846
  92.      cst                        10704.28             6713.21    -5000.0000    -8863.5745    -5000.0000    -8863.5745
  92.      cst                        10704.28             7510.70    -5000.0000    -7830.8325    -5000.0000    -7830.8325
  92.      cst                        10704.28             8463.22    -5000.0000    -8269.3648    -5000.0000    -8269.3648
  92.      cst                        10704.28             7512.14    -5000.0000   -11876.6661    -5000.0000   -11876.6661
  92.      cst                        10704.28             7892.17    -5000.0000    -6972.7542    -5000.0000    -6972.7542
  92.      cst                        10704.28             8968.45    -5000.0000    -7808.1111    -5000.0000    -7808.1111
  92.      cst                        10704.28             7130.15    -5000.0000    -7524.8215    -5000.0000    -7524.8215
  92.      cst                        10704.28             6639.59    -5000.0000    -8311.6874    -5000.0000    -8311.6874
  92.      cst                        10704.28             4343.46    -5000.0000   -11623.3748    -5000.0000   -11623.3748
  74.      cst                        10704.28            12146.04    -5000.0000    -7727.8197    -5000.0000    -7727.8197
  23.      uhome(2)                   10704.28             8124.44    12513.1128    15170.1512    12513.1128    15170.1512
  92.      cst                        10704.28             6526.89    -5000.0000    -8521.9533    -5000.0000    -8521.9533
  92.      cst                        10704.28             6257.92    -5000.0000    -8633.7613    -5000.0000    -8633.7613
  92.      cst                        10704.28             4437.73    -5000.0000   -12267.5226    -5000.0000   -12267.5226
  74.      cst                        10704.28            11846.88    -5000.0000    -7780.0456    -5000.0000    -7780.0456
  92.      cst                        10704.28             6144.95    -5000.0000    -8840.5567    -5000.0000    -8840.5567
  92.      cst                        10704.28             6015.28    -5000.0000    -9126.2483    -5000.0000    -9126.2483
  92.      cst                        10704.28             4953.55    -5000.0000   -13411.2268    -5000.0000   -13411.2268
  92.      cst                        10704.28             7536.74    -5000.0000    -8723.2815    -5000.0000    -8723.2815
  92.      cst                        10704.28             6282.74    -5000.0000    -7996.4891    -5000.0000    -7996.4891
  92.      cst                        10704.28             5711.06    -5000.0000    -9390.8894    -5000.0000    -9390.8894
  92.      cst                        10704.28             5561.24    -5000.0000    -9530.2827    -5000.0000    -9530.2827
  92.      cst                        10704.28             6567.58    -5000.0000    -8915.4263    -5000.0000    -8915.4263
  92.      cst                        10704.28             5200.90    -5000.0000   -12095.5216    -5000.0000   -12095.5216
  92.      cst                        10704.28             8277.14    -5000.0000    -7271.0375    -5000.0000    -7271.0375
  92.      cst                        10704.28             5445.82    -5000.0000    -8934.6325    -5000.0000    -8934.6325
  92.      cst                        10704.28             5326.05    -5000.0000    -9964.1467    -5000.0000    -9964.1467
  92.      cst                        10704.28             7164.78    -5000.0000    -8554.0773    -5000.0000    -8554.0773
  92.      cst                        10704.28             5051.03    -5000.0000   -10186.3308    -5000.0000   -10186.3308
  92.      cst                        10704.28             6016.74    -5000.0000   -15372.6616    -5000.0000   -15372.6616
  92.      cst                        10704.28             7388.62    -5000.0000   -10350.9762    -5000.0000   -10350.9762
  92.      cst                        10704.28             4773.88    -5000.0000   -10520.8485    -5000.0000   -10520.8485
  92.      cst                        10704.28             5382.46    -5000.0000   -16041.6970    -5000.0000   -16041.6970
  92.      cst                        10704.28             4919.34    -5000.0000   -10940.8068    -5000.0000   -10940.8068
  92.      cst                        10704.28            11206.45    -5000.0000   -17118.7777    -5000.0000   -17118.7777
  92.      cst                        10704.28             4723.70    -5000.0000   -10892.2396    -5000.0000   -10892.2396
  92.      cst                        10704.28             6841.78    -5000.0000    -8838.1451    -5000.0000    -8838.1451
  92.      cst                        10704.28             4888.69    -5000.0000   -11132.1822    -5000.0000   -11132.1822
  92.      cst                        10704.28             5852.70    -5000.0000   -17264.3645    -5000.0000   -17264.3645
  92.      cst                        10704.28             4965.30    -5000.0000   -11326.8547    -5000.0000   -11326.8547
  92.      cst                        10704.28             4813.99    -5000.0000   -11527.7072    -5000.0000   -11527.7072
  92.      cst                        10704.28             6503.80    -5000.0000   -18055.4145    -5000.0000   -18055.4145
  92.      cst                        10704.28             4736.33    -5000.0000   -11734.9360    -5000.0000   -11734.9360
  92.      cst                        10704.28             8602.44    -5000.0000   -18469.8721    -5000.0000   -18469.8721
  92.      cst                        10704.28             5223.16    -5000.0000   -11058.1317    -5000.0000   -11058.1317
  92.      cst                        10704.28             7249.97    -5000.0000   -16253.0549    -5000.0000   -16253.0549
  92.      cst                        10704.28             5310.48    -5000.0000   -12113.6617    -5000.0000   -12113.6617
  92.      cst                        10704.28             5242.64    -5000.0000   -10542.0348    -5000.0000   -10542.0348
  92.      cst                        10704.28             4896.42    -5000.0000   -10863.2044    -5000.0000   -10863.2044
  92.      cst                        10704.28             5716.97    -5000.0000   -15178.6258    -5000.0000   -15178.6258
  92.      cst                        10704.28             4941.39    -5000.0000   -11504.5752    -5000.0000   -11504.5752
  92.      cst                        10704.28             7335.62    -5000.0000   -10920.0845    -5000.0000   -10920.0845
  92.      cst                        10704.28             5720.99    -5000.0000   -11789.7905    -5000.0000   -11789.7905
  92.      cst                        10704.28             4407.40    -5000.0000   -11283.1035    -5000.0000   -11283.1035
  92.      cst                        10704.28             6404.30    -5000.0000   -15822.2981    -5000.0000   -15822.2981
  92.      cst                        10704.28             8869.72    -5000.0000   -13350.5312    -5000.0000   -13350.5312
  92.      cst                        10704.28             5247.38    -5000.0000   -11926.3621    -5000.0000   -11926.3621
  92.      cst                        10704.28             6784.70    -5000.0000   -14171.9187    -5000.0000   -14171.9187
  92.      cst                        10704.28             4682.74    -5000.0000   -14368.0493    -5000.0000   -14368.0493
  92.      cst                        10704.28            22109.69    -5000.0000   -24118.3099    -5000.0000   -24118.3099
  92.      cst                        10704.28             6008.98    -5000.0000   -10297.0087    -5000.0000   -10297.0087
  80.      cst                        10704.28             8352.66    -5000.0000   -13618.8551    -5000.0000   -13618.8551
  92.      cst                        10704.28             6123.14    -5000.0000   -14038.3330    -5000.0000   -14038.3330
  92.      cst                        10704.28             4318.74    -5000.0000   -13863.4678    -5000.0000   -13863.4678
  23.      uhome(2)                   10704.28             8270.80    12513.1128    33811.3961    12513.1128    33811.3961
  86.      cst                        10704.28             8222.28    -5000.0000    -6768.7274    -5000.0000    -6768.7274
  92.      cst                        10704.28             4777.95    -5000.0000   -14444.1299    -5000.0000   -14444.1299
  92.      cst                        10704.28             4538.53    -5000.0000   -12320.7843    -5000.0000   -12320.7843
  92.      cst                        10704.28             7620.11    -5000.0000   -17109.1333    -5000.0000   -17109.1333
  92.      cst                        10704.28             5796.84    -5000.0000   -14400.0085    -5000.0000   -14400.0085
  92.      cst                        10704.28             4527.63    -5000.0000   -12465.6851    -5000.0000   -12465.6851
  92.      cst                        10704.28             5816.89    -5000.0000   -17123.2592    -5000.0000   -17123.2592
  86.      cst                        10704.28             4974.25    -5000.0000   -14606.0628    -5000.0000   -14606.0628
  92.      cst                        10704.28            10556.03    -5000.0000    18983.6860    -5000.0000    18983.6860
  92.      cst                        10704.28             5851.16    -5000.0000   -13364.4610    -5000.0000   -13364.4610
  92.      cst                        10704.28             4388.78    -5000.0000   -13698.4947    -5000.0000   -13698.4947
