   1.      emp,cur,m                    320.95              320.95        3.8417        3.8417        0.9711        0.9711
   1.      emp,cur,m                    320.95              320.95        3.8417        3.8417        0.9711        0.9711
   1.      emp,cur,m                    320.95              320.49        3.8417        2.8417        0.9711        0.9251
   2.      emp,cur,m                    320.95              320.29       -0.9479       -1.9479        0.0081        0.0030
   3.      emp,of,m                     320.95              352.56        3.3414        2.3414        0.9339        0.8387
   5.      emp,cur,f                    320.95              320.09        0.2624       -0.7376        0.4720        0.2474
   6.      emp,cur,f                    320.95              322.96       -0.7884       -1.7884        0.1650        0.0678
   7.      emp,of,f                     320.95              326.10        2.4740        1.4740        0.8558        0.6859
   9.      u,cur,m                      320.95              322.04        2.2566        1.2566        0.9052        0.7784
  10.      u,of,m                       320.95              318.71        1.0000        0.0000        0.7311        0.5000
  11.      u,cur,f                      320.95              319.82        1.0000        0.0000        0.7311        0.5000
  12.      u,of,f                       320.95              300.47        0.1000       -0.9000        0.5250        0.2891
  16.      p(ex=1|ex=1),e               320.95              321.72       -1.5000       -0.5000        0.8176        0.6225
  22.      uhome(1)                     320.95              326.23     8653.9687    12980.9530     8653.9687    12980.9530
  23.      uhome(2)                     320.95              318.58    12513.1128    18769.6691    12513.1128    18769.6691
  24.      ecst                         320.95              320.42     -483.8916    -1693.6206     -483.8916    -1693.6206
  25.      kcst                         320.95              321.44    -1451.4686    -5080.1400    -1451.4686    -5080.1400
  27.      alphaed(m,ned)               320.95              320.56       -4.0000       -1.0000      179.8621     2689.4142
  28.      alphaed(f,ned)               320.95              316.75       -3.0000        0.0000      474.2587     5000.0000
  29.      alphaed(m,ed)                320.95              320.78       -5.3000       -2.3000       49.6680      911.2296
  30.      alphaed(f,ed)                320.95              318.99       -4.0000       -1.0000      179.8621     2689.4142
  31.      alphakid(m)                  320.95              320.95      -13.5955       -9.5955        0.0125        0.6803
  32.      alphakid(f)                  320.95              319.35       -2.6747       -1.6747      644.8231     1577.9733
  42.      alf10                        320.95              324.39       -0.0049        0.4951       -0.0049        0.4951
  43.      alf10                        320.95              315.96       -0.0931        0.4069       -0.0931        0.4069
  45.      alf10                        320.95              357.84       -0.0515        0.4485       -0.0515        0.4485
  46.      alf10                        320.95              314.78       -0.0834        0.4166       -0.0834        0.4166
  47.      alf10                        320.95              325.38       -0.1448        0.3552       -0.1448        0.3552
  48.      alf10                        320.95              340.98        0.0367        0.5367        0.0367        0.5367
  49.      alf10                        320.95              319.40       -0.1910        0.3090       -0.1910        0.3090
  50.      alf10                        320.95              366.70        0.0575        0.5575        0.0575        0.5575
  51.      alf11                        320.95              322.26       -0.7539        0.2461        0.3200        0.5612
  52.      alf12                        320.95              324.83       -1.0000        0.0000        0.2689        0.5000
  54.      alf20                        320.95              336.63        0.1780        0.6780        0.1780        0.6780
  55.      alf20                        320.95              328.18        0.0362        0.5362        0.0362        0.5362
  57.      alf20                        320.95              335.38       -0.0298        0.4702       -0.0298        0.4702
  58.      alf20                        320.95              323.31       -0.0724        0.4276       -0.0724        0.4276
  59.      alf20                        320.95              326.33       -0.0237        0.4763       -0.0237        0.4763
  60.      alf20                        320.95              327.02       -0.0652        0.4348       -0.0652        0.4348
  61.      alf20                        320.95              325.15       -0.0720        0.4280       -0.0720        0.4280
  62.      alf20                        320.95              337.72        0.0785        0.5785        0.0785        0.5785
  63.      alf21                        320.95              323.03       -0.2628        0.7372        0.4347        0.6764
  64.      alf22                        320.95              326.28       -1.0000        0.0000        0.2689        0.5000
  66.      sig_wge                      320.95              357.01       -0.5000        0.5000        0.3775        0.6225
  67.      sig_wge                      320.95              351.87       -1.0000        0.0000        0.2689        0.5000
  68.      sigo_m                       320.95              345.38        3.0000        0.0000    47628.7063    25000.0000
  69.      sigo_f                       320.95              319.51       -1.0000        0.0000    13447.0711    25000.0000
  72.      alf1t                        320.95              324.83        9.1000        9.6000        9.1000        9.6000
  73.      alf2t                        320.95              326.64        9.2000        9.7000        9.2000        9.7000
  74.      cst                          320.95              321.00    -5000.0000        0.0000    -5000.0000        0.0000
  76.      ptypehs                      320.95              320.18        0.0000        1.5000        0.2500        0.5990
  77.      ptypecol                     320.95              320.27        0.0000        1.5000        0.2500        0.5990
  78.      alf1t                        320.95              324.94        9.0000        9.5000        9.0000        9.5000
  79.      alf2t                        320.95              326.06        8.9000        9.4000        8.9000        9.4000
  80.      cst                          320.95              322.06    -5000.0000        0.0000    -5000.0000        0.0000
  82.      ptypehs                      320.95              321.14        0.0000        1.5000        0.2500        0.5990
  83.      ptypecol                     320.95              320.91        0.0000        1.5000        0.2500        0.5990
  84.      alf1t                        320.95              324.61        9.2000        9.7000        9.2000        9.7000
  85.      alf2t                        320.95              325.47        9.0000        9.5000        9.0000        9.5000
  86.      cst                          320.95              321.96    -5000.0000        0.0000    -5000.0000        0.0000
  88.      ptypehs                      320.95              321.98        0.0000        1.5000        0.2500        0.5990
  89.      ptypecol                     320.95              321.31        0.0000        1.5000        0.2500        0.5990
  90.      alf1t                        320.95              324.17        9.4000        9.9000        9.4000        9.9000
  91.      alf2t                        320.95              325.18        8.8000        9.3000        8.8000        9.3000
  92.      cst                          320.95              321.57    -5000.0000        0.0000    -5000.0000        0.0000
  23.      uhome(2)                     320.95              319.50    12513.1128    12711.7336    12513.1128    12711.7336
  23.      uhome(2)                     320.95              316.39    12513.1128    12910.3544    12513.1128    12910.3544
  23.      uhome(2)                     320.95              310.32    12513.1128    12724.3444    12513.1128    12724.3444
  23.      uhome(2)                     320.95              308.49    12513.1128    12935.5761    12513.1128    12935.5761
  23.      uhome(2)                     320.95              319.44    12513.1128    12737.7560    12513.1128    12737.7560
  23.      uhome(2)                     320.95              318.87    12513.1128    12962.3992    12513.1128    12962.3992
  23.      uhome(2)                     320.95              324.81    12513.1128    12752.0190    12513.1128    12752.0190
  23.      uhome(2)                     320.95              329.20    12513.1128    12990.9253    12513.1128    12990.9253
  23.      uhome(2)                     320.95              309.63    12513.1128    12759.6034    12513.1128    12759.6034
  23.      uhome(2)                     320.95              336.07    12513.1128    13006.0940    12513.1128    13006.0940
  23.      uhome(2)                     320.95              317.68    12513.1128    12767.4285    12513.1128    12767.4285
  23.      uhome(2)                     320.95              315.12    12513.1128    13021.7442    12513.1128    13021.7442
  23.      uhome(2)                     320.95              317.80    12513.1128    12783.5755    12513.1128    12783.5755
  23.      uhome(2)                     320.95              316.64    12513.1128    13054.0382    12513.1128    13054.0382
  23.      uhome(2)                     320.95              315.50    12513.1128    12800.7477    12513.1128    12800.7477
  23.      uhome(2)                     320.95              313.29    12513.1128    13088.3827    12513.1128    13088.3827
  23.      uhome(2)                     320.95              316.20    12513.1128    12819.0103    12513.1128    12819.0103
  23.      uhome(2)                     320.95              314.64    12513.1128    13124.9078    12513.1128    13124.9078
  23.      uhome(2)                     320.95              316.25    12513.1128    12838.4323    12513.1128    12838.4323
  23.      uhome(2)                     320.95              314.39    12513.1128    13163.7519    12513.1128    13163.7519
  86.      cst                          320.95              316.13    -5000.0000    -9882.2404    -5000.0000    -9882.2404
  25.      kcst                         320.95              319.58    -1451.4686     2085.3705    -1451.4686     2085.3705
  25.      kcst                         320.95              319.31    -1451.4686     9250.8811    -1451.4686     9250.8811
  23.      uhome(2)                     320.95              316.15    12513.1128    12892.7349    12513.1128    12892.7349
  23.      uhome(2)                     320.95              314.11    12513.1128    13272.3570    12513.1128    13272.3570
  25.      kcst                         320.95              309.58    -1451.4686     -821.7098    -1451.4686     -821.7098
  25.      kcst                         320.95              335.56    -1451.4686      162.8772    -1451.4686      162.8772
  23.      uhome(2)                     320.95              316.44    12513.1128    12890.1938    12513.1128    12890.1938
  23.      uhome(2)                     320.95              314.09    12513.1128    13267.2749    12513.1128    13267.2749
  23.      uhome(2)                     320.95              313.59    12513.1128    12914.1355    12513.1128    12914.1355
  23.      uhome(2)                     320.95              307.21    12513.1128    13315.1582    12513.1128    13315.1582
  23.      uhome(2)                     320.95              313.85    12513.1128    12939.5972    12513.1128    12939.5972
  23.      uhome(2)                     320.95              314.28    12513.1128    13366.0817    12513.1128    13366.0817
  23.      uhome(2)                     320.95              324.09    12513.1128    12953.1364    12513.1128    12953.1364
  23.      uhome(2)                     320.95              339.56    12513.1128    13393.1601    12513.1128    13393.1601
  23.      uhome(2)                     320.95              313.76    12513.1128    12967.1054    12513.1128    12967.1054
  23.      uhome(2)                     320.95              318.14    12513.1128    13421.0981    12513.1128    13421.0981
  23.      uhome(2)                     320.95              311.91    12513.1128    12981.5179    12513.1128    12981.5179
  23.      uhome(2)                     320.95              325.27    12513.1128    13449.9231    12513.1128    13449.9231
  23.      uhome(2)                     320.95              314.19    12513.1128    12996.3879    12513.1128    12996.3879
  23.      uhome(2)                     320.95              309.48    12513.1128    13479.6631    12513.1128    13479.6631
  23.      uhome(2)                     320.95              331.40    12513.1128    12029.8376    12513.1128    12029.8376
  23.      uhome(2)                     320.95              381.24    12513.1128    10580.0121    12513.1128    10580.0121
  23.      uhome(2)                     320.95              330.09    12513.1128    12153.5386    12513.1128    12153.5386
  23.      uhome(2)                     320.95              367.84    12513.1128    10991.9190    12513.1128    10991.9190
  74.      cst                          320.95              314.85    -5000.0000    -9814.2465    -5000.0000    -9814.2465
  74.      cst                          320.95              311.67    -5000.0000   -19628.4930    -5000.0000   -19628.4930
  23.      uhome(2)                     320.95              313.44    12513.1128    12971.5377    12513.1128    12971.5377
  23.      uhome(2)                     320.95              322.26    12513.1128    13429.9626    12513.1128    13429.9626
  74.      cst                          320.95              641.28    -5000.0000    -5909.3197    -5000.0000    -5909.3197
  23.      uhome(2)                     320.95              306.25    12513.1128    12952.4627    12513.1128    12952.4627
  23.      uhome(2)                     320.95              298.57    12513.1128    13391.8126    12513.1128    13391.8126
  23.      uhome(2)                     320.95              311.38    12513.1128    13295.1701    12513.1128    13295.1701
  74.      cst                          320.95              304.81    -5000.0000    -2927.8872    -5000.0000    -2927.8872
  74.      cst                          320.95              314.55    -5000.0000    -5624.9553    -5000.0000    -5624.9553
  74.      cst                          320.95              395.40    -5000.0000    -6601.5606    -5000.0000    -6601.5606
  80.      cst                          320.95              310.12    -5000.0000    -9739.2376    -5000.0000    -9739.2376
  80.      cst                          320.95              301.41    -5000.0000   -19478.4753    -5000.0000   -19478.4753
  80.      cst                          320.95              336.13    -5000.0000     9739.2376    -5000.0000     9739.2376
  80.      cst                          320.95              386.19    -5000.0000    38956.9506    -5000.0000    38956.9506
  80.      cst                          320.95              323.80    -5000.0000    -4271.3253    -5000.0000    -4271.3253
  80.      cst                          320.95              338.65    -5000.0000    -3542.6507    -5000.0000    -3542.6507
  80.      cst                          320.95              313.26    -5000.0000    -4248.1928    -5000.0000    -4248.1928
  80.      cst                          320.95              308.72    -5000.0000    -3496.3856    -5000.0000    -3496.3856
  74.      cst                          320.95              320.14    -5000.0000    -5685.7747    -5000.0000    -5685.7747
  74.      cst                          320.95              347.39    -5000.0000    -6734.3630    -5000.0000    -6734.3630
  80.      cst                          320.95              312.99    -5000.0000    -4198.4782    -5000.0000    -4198.4782
  80.      cst                          320.95              306.19    -5000.0000    -3396.9564    -5000.0000    -3396.9564
  25.      kcst                         320.95              319.48    -1451.4686   -12039.3385    -1451.4686   -12039.3385
  25.      kcst                         320.95              332.35    -1451.4686   -33329.5581    -1451.4686   -33329.5581
  80.      cst                          320.95              301.06    -5000.0000   -19364.4766    -5000.0000   -19364.4766
  80.      cst                          320.95              295.64    -5000.0000   -48468.1908    -5000.0000   -48468.1908
  80.      cst                          320.95              310.45    -5000.0000    -6005.1815    -5000.0000    -6005.1815
  80.      cst                          320.95              305.58    -5000.0000    -7010.3630    -5000.0000    -7010.3630
  80.      cst                          320.95              315.09    -5000.0000    -6069.0025    -5000.0000    -6069.0025
  80.      cst                          320.95              311.31    -5000.0000    -7138.0051    -5000.0000    -7138.0051
  80.      cst                          320.95              358.34    -5000.0000    -6340.1151    -5000.0000    -6340.1151
  80.      cst                          320.95              309.65    -5000.0000    -6185.6726    -5000.0000    -6185.6726
  80.      cst                          320.95              309.30    -5000.0000    -7371.3452    -5000.0000    -7371.3452
  80.      cst                          320.95              310.34    -5000.0000    -6260.9534    -5000.0000    -6260.9534
  80.      cst                          320.95              326.63    -5000.0000    -7521.9068    -5000.0000    -7521.9068
  80.      cst                          320.95              307.49    -5000.0000    -6300.9836    -5000.0000    -6300.9836
  80.      cst                          320.95              298.35    -5000.0000    -7601.9673    -5000.0000    -7601.9673
  80.      cst                          320.95              634.65    -5000.0000    -3936.9598    -5000.0000    -3936.9598
  80.      cst                          320.95              383.65    -5000.0000    -4795.5562    -5000.0000    -4795.5562
  80.      cst                          320.95              352.26    -5000.0000    -6679.8007    -5000.0000    -6679.8007
  80.      cst                          320.95              466.89    -5000.0000    -8725.9570    -5000.0000    -8725.9570
  23.      uhome(2)                     320.95              309.82    12513.1128    12829.5900    12513.1128    12829.5900
  80.      cst                          320.95              350.23    -5000.0000    -3628.1122    -5000.0000    -3628.1122
  80.      cst                          320.95              319.20    -5000.0000    -6798.0528    -5000.0000    -6798.0528
  80.      cst                          320.95              409.25    -5000.0000    -6814.7829    -5000.0000    -6814.7829
  80.      cst                          320.95              319.65    -5000.0000    -7091.9375    -5000.0000    -7091.9375
  80.      cst                          320.95              317.69    -5000.0000    -6903.2393    -5000.0000    -6903.2393
  80.      cst                          320.95              340.27    -5000.0000    -9147.3087    -5000.0000    -9147.3087
  80.      cst                          320.95              309.75    -5000.0000    -6622.8296    -5000.0000    -6622.8296
  80.      cst                          320.95              307.64    -5000.0000    -6674.3480    -5000.0000    -6674.3480
  80.      cst                          320.95              332.77    -5000.0000    -6727.5019    -5000.0000    -6727.5019
  80.      cst                          320.95              309.28    -5000.0000    -6782.3432    -5000.0000    -6782.3432
  80.      cst                          320.95              304.97    -5000.0000    -8564.6864    -5000.0000    -8564.6864
  80.      cst                          320.95              306.07    -5000.0000    -6895.5079    -5000.0000    -6895.5079
  80.      cst                          320.95              291.27    -5000.0000    -8791.0157    -5000.0000    -8791.0157
  80.      cst                          320.95              323.29    -5000.0000    -5714.8739    -5000.0000    -5714.8739
  80.      cst                          320.95              310.10    -5000.0000    -6998.5217    -5000.0000    -6998.5217
  80.      cst                          320.95              318.84    -5000.0000    -8997.0434    -5000.0000    -8997.0434
  23.      uhome(2)                     320.95              311.73    12513.1128    13134.3555    12513.1128    13134.3555
  80.      cst                          320.95              319.34    -5000.0000    -3293.3751    -5000.0000    -3293.3751
  23.      uhome(2)                     320.95              310.04    12513.1128    13258.2912    12513.1128    13258.2912
  80.      cst                          320.95              315.93    -5000.0000    -3501.0144    -5000.0000    -3501.0144
  80.      cst                          320.95              305.35    -5000.0000    -6952.3335    -5000.0000    -6952.3335
  23.      uhome(2)                     320.95              311.64    12513.1128    13247.0345    12513.1128    13247.0345
  80.      cst                          320.95              318.06    -5000.0000    -3469.0515    -5000.0000    -3469.0515
  80.      cst                          320.95              305.20    -5000.0000    -6961.2055    -5000.0000    -6961.2055
  80.      cst                          320.95              292.39    -5000.0000    -8922.4109    -5000.0000    -8922.4109
  80.      cst                          320.95              302.52    -5000.0000    -7085.7264    -5000.0000    -7085.7264
  80.      cst                          320.95              570.60    -5000.0000    -9171.4529    -5000.0000    -9171.4529
  80.      cst                          320.95              304.25    -5000.0000    -7151.9400    -5000.0000    -7151.9400
  80.      cst                          320.95              294.45    -5000.0000    -9303.8800    -5000.0000    -9303.8800
  23.      uhome(2)                     320.95              304.69    12513.1128    13360.1076    12513.1128    13360.1076
  23.      uhome(2)                     320.95              314.34    12513.1128    13857.0504    12513.1128    13857.0504
  80.      cst                          320.95              292.11    -5000.0000    -5470.5340    -5000.0000    -5470.5340
  80.      cst                          320.95              294.17    -5000.0000    -4213.5661    -5000.0000    -4213.5661
  80.      cst                          320.95              305.16    -5000.0000    -7749.4462    -5000.0000    -7749.4462
  80.      cst                          320.95              304.68    -5000.0000   -11018.8582    -5000.0000   -11018.8582
  80.      cst                          320.95              348.30    -5000.0000    -3373.6233    -5000.0000    -3373.6233
  74.      cst                          320.95              314.94    -5000.0000     8951.0785    -5000.0000     8951.0785
  74.      cst                          320.95              348.71    -5000.0000    37530.6500    -5000.0000    37530.6500
  86.      cst                          320.95              306.02    -5000.0000     -320.9600    -5000.0000     -320.9600
  86.      cst                          320.95              307.22    -5000.0000     9240.3204    -5000.0000     9240.3204
  86.      cst                          320.95              316.13    -5000.0000    -9882.2404    -5000.0000    -9882.2404
  86.      cst                          320.95              360.82    -5000.0000   -19443.5208    -5000.0000   -19443.5208
  80.      cst                          320.95              302.69    -5000.0000    -8111.8996    -5000.0000    -8111.8996
  80.      cst                          320.95              298.68    -5000.0000    -7482.0154    -5000.0000    -7482.0154
  80.      cst                          320.95              282.49    -5000.0000    -9964.0308    -5000.0000    -9964.0308
  80.      cst                          320.95              297.62    -5000.0000    -7850.5378    -5000.0000    -7850.5378
  80.      cst                          320.95              693.94    -5000.0000   -10905.5194    -5000.0000   -10905.5194
  80.      cst                          320.95              295.17    -5000.0000    -7736.5872    -5000.0000    -7736.5872
  80.      cst                          320.95              632.79    -5000.0000   -10473.1744    -5000.0000   -10473.1744
  80.      cst                          320.95              296.58    -5000.0000    -7823.4630    -5000.0000    -7823.4630
  80.      cst                          320.95              292.28    -5000.0000   -10646.9260    -5000.0000   -10646.9260
  80.      cst                          320.95              319.43    -5000.0000    -5928.5464    -5000.0000    -5928.5464
  80.      cst                          320.95              308.58    -5000.0000    -6240.8852    -5000.0000    -6240.8852
  74.      cst                          320.95              310.06    -5000.0000    -2902.5973    -5000.0000    -2902.5973
  80.      cst                          320.95              330.11    -5000.0000    -5892.6595    -5000.0000    -5892.6595
  80.      cst                          320.95              297.45    -5000.0000    -7919.5196    -5000.0000    -7919.5196
  80.      cst                          320.95              287.24    -5000.0000   -10839.0393    -5000.0000   -10839.0393
  80.      cst                          320.95              295.19    -5000.0000    -8104.8860    -5000.0000    -8104.8860
  80.      cst                          320.95              286.09    -5000.0000   -11209.7719    -5000.0000   -11209.7719
  22.      uhome(1)                     320.95              316.63     8653.9687     5164.7642     8653.9687     5164.7642
  80.      cst                          320.95              305.27    -5000.0000    -8734.3861    -5000.0000    -8734.3861
  80.      cst                          320.95              317.18    -5000.0000   -10086.8259    -5000.0000   -10086.8259
  80.      cst                          320.95              359.45    -5000.0000   -16677.2661    -5000.0000   -16677.2661
  80.      cst                          320.95              302.78    -5000.0000    -8744.6980    -5000.0000    -8744.6980
  80.      cst                          320.95              300.32    -5000.0000   -12489.3961    -5000.0000   -12489.3961
  80.      cst                          320.95              291.76    -5000.0000    -8982.4566    -5000.0000    -8982.4566
  80.      cst                          320.95              643.83    -5000.0000   -12964.9133    -5000.0000   -12964.9133
  80.      cst                          320.95              297.86    -5000.0000    -9108.8838    -5000.0000    -9108.8838
  80.      cst                          320.95              295.94    -5000.0000   -13217.7677    -5000.0000   -13217.7677
  22.      uhome(1)                     320.95              322.84     8653.9687    13081.0990     8653.9687    13081.0990
  22.      uhome(1)                     320.95              409.43     8653.9687    20997.4338     8653.9687    20997.4338
  80.      cst                          320.95              304.13    -5000.0000    -9363.3505    -5000.0000    -9363.3505
  80.      cst                          320.95              305.60    -5000.0000    -7761.7666    -5000.0000    -7761.7666
  80.      cst                          320.95              571.98    -5000.0000    -8900.7037    -5000.0000    -8900.7037
  80.      cst                          320.95              297.68    -5000.0000    -9918.2816    -5000.0000    -9918.2816
  80.      cst                          320.95              302.38    -5000.0000    -9487.8500    -5000.0000    -9487.8500
  80.      cst                          320.95              300.31    -5000.0000   -13826.1664    -5000.0000   -13826.1664
  80.      cst                          320.95              290.58    -5000.0000    -9730.0049    -5000.0000    -9730.0049
  80.      cst                          320.95              295.46    -5000.0000   -14278.2070    -5000.0000   -14278.2070
  80.      cst                          320.95              301.36    -5000.0000   -10061.9667    -5000.0000   -10061.9667
  80.      cst                          320.95              306.25    -5000.0000    -8070.7241    -5000.0000    -8070.7241
  80.      cst                          320.95              303.33    -5000.0000    -7585.9205    -5000.0000    -7585.9205
  80.      cst                          320.95              403.89    -5000.0000   -10107.5113    -5000.0000   -10107.5113
  80.      cst                          320.95              289.66    -5000.0000   -10411.5717    -5000.0000   -10411.5717
  80.      cst                          320.95              281.27    -5000.0000   -15823.1434    -5000.0000   -15823.1434
  80.      cst                          320.95              320.47    -5000.0000   -10269.6920    -5000.0000   -10269.6920
  23.      uhome(2)                     320.95              310.44    12513.1128    13404.7603    12513.1128    13404.7603
  80.      cst                          320.95              369.05    -5000.0000    -1168.2153    -5000.0000    -1168.2153
  80.      cst                          320.95              305.85    -5000.0000    -7916.1824    -5000.0000    -7916.1824
  80.      cst                          320.95              339.15    -5000.0000    -8070.5983    -5000.0000    -8070.5983
  80.      cst                          320.95              313.37    -5000.0000    -9777.0398    -5000.0000    -9777.0398
  80.      cst                          320.95              294.73    -5000.0000   -11176.8768    -5000.0000   -11176.8768
  86.      cst                          320.95              295.36    -5000.0000     8143.7505    -5000.0000     8143.7505
  80.      cst                          320.95              282.44    -5000.0000   -12774.4860    -5000.0000   -12774.4860
  80.      cst                          320.95              401.64    -5000.0000   -22175.3488    -5000.0000   -22175.3488
  80.      cst                          320.95              403.34    -5000.0000   -10736.8055    -5000.0000   -10736.8055
  80.      cst                          320.95              347.85    -5000.0000    -9462.0699    -5000.0000    -9462.0699
  80.      cst                          320.95              323.24    -5000.0000    -7075.8107    -5000.0000    -7075.8107
  80.      cst                          320.95              350.07    -5000.0000    33402.5439    -5000.0000    33402.5439
  22.      uhome(1)                     320.95              322.54     8653.9687    13022.3282     8653.9687    13022.3282
  22.      uhome(1)                     320.95              431.26     8653.9687    20651.8213     8653.9687    20651.8213
  23.      uhome(2)                     320.95              311.63    12513.1128    13466.0106    12513.1128    13466.0106
  80.      cst                          320.95              312.38    -5000.0000    -9652.3791    -5000.0000    -9652.3791
  80.      cst                          320.95              293.21    -5000.0000    -9156.6085    -5000.0000    -9156.6085
  23.      uhome(2)                     320.95              307.59    12513.1128    13390.9698    12513.1128    13390.9698
  80.      cst                          320.95              289.74    -5000.0000    -8698.1981    -5000.0000    -8698.1981
  80.      cst                          320.95              286.52    -5000.0000   -12396.3961    -5000.0000   -12396.3961
  80.      cst                          320.95              297.82    -5000.0000    -8012.0064    -5000.0000    -8012.0064
  80.      cst                          320.95              284.23    -5000.0000    -9197.2710    -5000.0000    -9197.2710
  80.      cst                          320.95              296.66    -5000.0000   -13585.4667    -5000.0000   -13585.4667
  80.      cst                          320.95              278.06    -5000.0000    -8843.1126    -5000.0000    -8843.1126
  80.      cst                          320.95              284.80    -5000.0000   -12398.8674    -5000.0000   -12398.8674
  80.      cst                          320.95              296.36    -5000.0000    -9451.0091    -5000.0000    -9451.0091
  80.      cst                          320.95              339.07    -5000.0000    -9416.2754    -5000.0000    -9416.2754
  80.      cst                          320.95              300.45    -5000.0000    -7334.7100    -5000.0000    -7334.7100
  80.      cst                          320.95              298.41    -5000.0000    -6538.0732    -5000.0000    -6538.0732
  74.      cst                          320.95              538.67    -5000.0000    -2262.8832    -5000.0000    -2262.8832
  80.      cst                          320.95              291.53    -5000.0000    -8545.0592    -5000.0000    -8545.0592
  23.      uhome(2)                     320.95              290.02    12513.1128    15229.5439    12513.1128    15229.5439
  74.      cst                          320.95              387.09    -5000.0000   -10607.5482    -5000.0000   -10607.5482
  23.      uhome(2)                     320.95              302.90    12513.1128    14651.2656    12513.1128    14651.2656
  23.      uhome(2)                     320.95              292.43    12513.1128    14521.1849    12513.1128    14521.1849
  80.      cst                          320.95              281.73    -5000.0000    -9090.7842    -5000.0000    -9090.7842
  80.      cst                          320.95              358.10    -5000.0000   -12795.3535    -5000.0000   -12795.3535
  80.      cst                          320.95              297.53    -5000.0000   -49228.5377    -5000.0000   -49228.5377
  80.      cst                          320.95              282.57    -5000.0000   -12230.0743    -5000.0000   -12230.0743
  80.      cst                          320.95              307.44    -5000.0000   -19460.1486    -5000.0000   -19460.1486
  80.      cst                          320.95              275.41    -5000.0000   -12459.6005    -5000.0000   -12459.6005
  80.      cst                          320.95              312.82    -5000.0000   -19919.2010    -5000.0000   -19919.2010
  80.      cst                          320.95              386.85    -5000.0000   -13044.7477    -5000.0000   -13044.7477
  80.      cst                          320.95              313.95    -5000.0000   -10949.1567    -5000.0000   -10949.1567
  80.      cst                          320.95              282.30    -5000.0000   -13266.4443    -5000.0000   -13266.4443
  80.      cst                          320.95              301.93    -5000.0000   -21891.9411    -5000.0000   -21891.9411
  80.      cst                          320.95              300.52    -5000.0000    -8613.3440    -5000.0000    -8613.3440
  80.      cst                          320.95              381.97    -5000.0000    -7810.4125    -5000.0000    -7810.4125
  80.      cst                          320.95              281.25    -5000.0000   -13144.3287    -5000.0000   -13144.3287
  80.      cst                          320.95              268.37    -5000.0000   -13402.8788    -5000.0000   -13402.8788
  80.      cst                          320.95              294.93    -5000.0000   -21805.7577    -5000.0000   -21805.7577
  80.      cst                          320.95              277.86    -5000.0000   -13669.6369    -5000.0000   -13669.6369
  80.      cst                          320.95              329.87    -5000.0000   -22339.2738    -5000.0000   -22339.2738
  22.      uhome(1)                     320.95              301.60     8653.9687    13792.8952     8653.9687    13792.8952
  22.      uhome(1)                     320.95              351.09     8653.9687    22182.0124     8653.9687    22182.0124
  80.      cst                          320.95              283.40    -5000.0000   -12648.4711    -5000.0000   -12648.4711
  80.      cst                          320.95              304.54    -5000.0000   -19056.0570    -5000.0000   -19056.0570
  80.      cst                          320.95              277.28    -5000.0000   -11973.8168    -5000.0000   -11973.8168
  80.      cst                          320.95              339.47    -5000.0000   -16855.6961    -5000.0000   -16855.6961
  80.      cst                          320.95              317.72    -5000.0000   -13714.0687    -5000.0000   -13714.0687
  80.      cst                          320.95              277.60    -5000.0000   -14546.1492    -5000.0000   -14546.1492
  80.      cst                          320.95              361.67    -5000.0000   -24092.2984    -5000.0000   -24092.2984
  80.      cst                          320.95              294.89    -5000.0000   -15121.3405    -5000.0000   -15121.3405
  80.      cst                          320.95              287.34    -5000.0000   -10677.0179    -5000.0000   -10677.0179
  80.      cst                          320.95              304.13    -5000.0000    -9363.3505    -5000.0000    -9363.3505
  80.      cst                          320.95              270.22    -5000.0000   -15178.8875    -5000.0000   -15178.8875
  80.      cst                          320.95              316.97    -5000.0000   -25357.7749    -5000.0000   -25357.7749
  80.      cst                          320.95              330.45    -5000.0000   -11773.9734    -5000.0000   -11773.9734
  80.      cst                          320.95              276.84    -5000.0000   -14864.7959    -5000.0000   -14864.7959
  80.      cst                          320.95              375.55    -5000.0000   -24014.7178    -5000.0000   -24014.7178
  80.      cst                          320.95              285.03    -5000.0000   -14305.9370    -5000.0000   -14305.9370
  80.      cst                          320.95              297.87    -5000.0000    -9150.4165    -5000.0000    -9150.4165
  80.      cst                          320.95              296.12    -5000.0000   -10807.8368    -5000.0000   -10807.8368
  80.      cst                          320.95              296.58    -5000.0000    -7088.3327    -5000.0000    -7088.3327
  80.      cst                          320.95              317.07    -5000.0000    -9876.4851    -5000.0000    -9876.4851
  80.      cst                          320.95              381.65    -5000.0000    -8111.9762    -5000.0000    -8111.9762
  80.      cst                          320.95              300.32    -5000.0000   -12489.3961    -5000.0000   -12489.3961
  80.      cst                          320.95              289.36    -5000.0000   -13015.6679    -5000.0000   -13015.6679
  80.      cst                          320.95              631.64    -5000.0000   -18294.7486    -5000.0000   -18294.7486
  80.      cst                          320.95              277.73    -5000.0000   -16006.7208    -5000.0000   -16006.7208
  80.      cst                          320.95              258.73    -5000.0000   -10919.1567    -5000.0000   -10919.1567
  80.      cst                          320.95              246.71    -5000.0000   -11568.6214    -5000.0000   -11568.6214
  80.      cst                          320.95              293.46    -5000.0000   -11366.0822    -5000.0000   -11366.0822
  80.      cst                          320.95              275.87    -5000.0000   -16444.6651    -5000.0000   -16444.6651
  80.      cst                          320.95              273.89    -5000.0000   -16706.5598    -5000.0000   -16706.5598
  80.      cst                          320.95              274.15    -5000.0000   -17176.5038    -5000.0000   -17176.5038
  80.      cst                          320.95              285.00    -5000.0000   -17949.2745    -5000.0000   -17949.2745
  80.      cst                          320.95              283.13    -5000.0000   -12763.3671    -5000.0000   -12763.3671
  80.      cst                          320.95              273.63    -5000.0000   -16057.4775    -5000.0000   -16057.4775
  80.      cst                          320.95              279.66    -5000.0000   -12222.8233    -5000.0000   -12222.8233
  74.      cst                          320.95              284.16    -5000.0000   -19517.2971    -5000.0000   -19517.2971
  80.      cst                          320.95              280.14    -5000.0000   -14134.2309    -5000.0000   -14134.2309
  80.      cst                          320.95              354.99    -5000.0000   -19512.0730    -5000.0000   -19512.0730
  80.      cst                          320.95              291.92    -5000.0000   -15708.4989    -5000.0000   -15708.4989
  80.      cst                          320.95              296.09    -5000.0000   -16042.1765    -5000.0000   -16042.1765
  80.      cst                          320.95              372.30    -5000.0000   -10926.0790    -5000.0000   -10926.0790
  80.      cst                          320.95              303.02    -5000.0000   -11499.0011    -5000.0000   -11499.0011
  80.      cst                          320.95              269.40    -5000.0000   -16665.5947    -5000.0000   -16665.5947
  80.      cst                          320.95              273.82    -5000.0000   -20401.7702    -5000.0000   -20401.7702
  80.      cst                          320.95              305.89    -5000.0000   -15873.9768    -5000.0000   -15873.9768
  22.      uhome(1)                     320.95              301.60     8653.9687    13792.8952     8653.9687    13792.8952
  80.      cst                          320.95              278.06    -5000.0000   -16041.4633    -5000.0000   -16041.4633
  80.      cst                          320.95              658.25    -5000.0000   -21915.6910    -5000.0000   -21915.6910
  80.      cst                          320.95              288.93    -5000.0000   -17313.3119    -5000.0000   -17313.3119
  80.      cst                          320.95              272.13    -5000.0000   -22466.6983    -5000.0000   -22466.6983
  80.      cst                          320.95              306.21    -5000.0000   -17141.7827    -5000.0000   -17141.7827
  22.      uhome(1)                     320.95              301.60     8653.9687    13792.8952     8653.9687    13792.8952
  80.      cst                          320.95              277.35    -5000.0000   -17129.5887    -5000.0000   -17129.5887
  80.      cst                          320.95              264.23    -5000.0000   -16791.0997    -5000.0000   -16791.0997
  80.      cst                          320.95              291.31    -5000.0000   -12789.0632    -5000.0000   -12789.0632
  80.      cst                          320.95              251.23    -5000.0000   -18184.6503    -5000.0000   -18184.6503
  80.      cst                          320.95              344.39    -5000.0000   -27804.6142    -5000.0000   -27804.6142
  80.      cst                          320.95              294.20    -5000.0000   -15599.7170    -5000.0000   -15599.7170
  80.      cst                          320.95              311.60    -5000.0000   -18020.1224    -5000.0000   -18020.1224
  80.      cst                          320.95              297.44    -5000.0000   -20429.2472    -5000.0000   -20429.2472
  80.      cst                          320.95              302.84    -5000.0000   -20598.5695    -5000.0000   -20598.5695
  80.      cst                          320.95              343.26    -5000.0000   -20487.4411    -5000.0000   -20487.4411
  80.      cst                          320.95              271.75    -5000.0000   -17328.2153    -5000.0000   -17328.2153
  80.      cst                          320.95              277.16    -5000.0000   -17024.0321    -5000.0000   -17024.0321
  80.      cst                          320.95              294.93    -5000.0000   -10471.2890    -5000.0000   -10471.2890
  80.      cst                          320.95             2455.01    -5000.0000   -17640.6975    -5000.0000   -17640.6975
  80.      cst                          320.95              279.87    -5000.0000   -15940.2829    -5000.0000   -15940.2829
  80.      cst                          320.95              277.88    -5000.0000   -19234.7363    -5000.0000   -19234.7363
  80.      cst                          320.95              288.73    -5000.0000    -8218.5773    -5000.0000    -8218.5773
  80.      cst                          320.95              272.05    -5000.0000   -14228.5164    -5000.0000   -14228.5164
  80.      cst                          320.95              363.70    -5000.0000   -16022.8469    -5000.0000   -16022.8469
  80.      cst                          320.95              289.04    -5000.0000   -15139.4842    -5000.0000   -15139.4842
  80.      cst                          320.95              312.01    -5000.0000   -17624.1982    -5000.0000   -17624.1982
  80.      cst                          320.95              304.68    -5000.0000   -11018.8582    -5000.0000   -11018.8582
  80.      cst                          320.95              296.81    -5000.0000    -7740.3692    -5000.0000    -7740.3692
  80.      cst                          320.95              265.29    -5000.0000   -14481.0710    -5000.0000   -14481.0710
  80.      cst                          320.95              306.33    -5000.0000   -17241.7612    -5000.0000   -17241.7612
  80.      cst                          320.95              304.68    -5000.0000   -11018.8582    -5000.0000   -11018.8582
  80.      cst                          320.95              303.01    -5000.0000   -19175.3239    -5000.0000   -19175.3239
  22.      uhome(1)                     320.95              301.60     8653.9687    13792.8952     8653.9687    13792.8952
  80.      cst                          320.95              303.01    -5000.0000   -19175.3239    -5000.0000   -19175.3239
  80.      cst                          320.95              273.11    -5000.0000   -12377.4022    -5000.0000   -12377.4022
  80.      cst                          320.95              256.87    -5000.0000   -19996.1811    -5000.0000   -19996.1811
  22.      uhome(1)                     320.95              299.99     8653.9687    13804.3914     8653.9687    13804.3914
  80.      cst                          320.95              299.93    -5000.0000   -20879.3621    -5000.0000   -20879.3621
  80.      cst                          320.95              296.81    -5000.0000    -7740.3692    -5000.0000    -7740.3692
  80.      cst                          320.95              277.61    -5000.0000   -17880.5336    -5000.0000   -17880.5336
  80.      cst                          320.95              305.13    -5000.0000   -17726.4323    -5000.0000   -17726.4323
  80.      cst                          320.95              304.68    -5000.0000   -11018.8582    -5000.0000   -11018.8582
  80.      cst                          320.95              304.34    -5000.0000   -19404.9622    -5000.0000   -19404.9622
  80.      cst                          320.95              264.34    -5000.0000   -22823.0416    -5000.0000   -22823.0416
  22.      uhome(1)                     320.95              297.68     8653.9687    13871.9565     8653.9687    13871.9565
  80.      cst                          320.95              307.05    -5000.0000   -18264.7706    -5000.0000   -18264.7706
  80.      cst                          320.95              275.79    -5000.0000   -16453.2925    -5000.0000   -16453.2925
  80.      cst                          320.95              278.13    -5000.0000    20985.3928    -5000.0000    20985.3928
  80.      cst                          320.95              304.96    -5000.0000   -17348.4703    -5000.0000   -17348.4703
  80.      cst                          320.95              277.40    -5000.0000   -15489.7901    -5000.0000   -15489.7901
  80.      cst                          320.95              261.88    -5000.0000   -16222.2608    -5000.0000   -16222.2608
  80.      cst                          320.95              278.24    -5000.0000   -17680.9823    -5000.0000   -17680.9823
  80.      cst                          320.95              310.22    -5000.0000   -20174.4698    -5000.0000   -20174.4698
  80.      cst                          320.95              280.57    -5000.0000   -17065.9446    -5000.0000   -17065.9446
  25.      kcst                         320.95              249.60    -1451.4686   -12876.3204    -1451.4686   -12876.3204
  25.      kcst                         320.95              251.39    -1451.4686   -33080.6934    -1451.4686   -33080.6934
  80.      cst                          320.95              272.88    -5000.0000   -21807.4089    -5000.0000   -21807.4089
  80.      cst                          320.95              259.37    -5000.0000   -15445.7326    -5000.0000   -15445.7326
  80.      cst                          320.95              267.99    -5000.0000   -11088.8003    -5000.0000   -11088.8003
  80.      cst                          320.95              251.96    -5000.0000   -21073.3685    -5000.0000   -21073.3685
  80.      cst                          320.95              273.82    -5000.0000   -15991.7369    -5000.0000   -15991.7369
  80.      cst                          320.95              301.43    -5000.0000   -18484.7634    -5000.0000   -18484.7634
  80.      cst                          320.95              273.67    -5000.0000   -16481.3948    -5000.0000   -16481.3948
  80.      cst                          320.95              254.34    -5000.0000   -13272.0899    -5000.0000   -13272.0899
  80.      cst                          320.95              255.12    -5000.0000   -16783.5944    -5000.0000   -16783.5944
  80.      cst                          320.95              268.60    -5000.0000   -16377.9279    -5000.0000   -16377.9279
  80.      cst                          320.95              293.59    -5000.0000   -13566.2831    -5000.0000   -13566.2831
  80.      cst                          320.95              294.20    -5000.0000   -15599.7170    -5000.0000   -15599.7170
  80.      cst                          320.95              270.62    -5000.0000   -15091.3585    -5000.0000   -15091.3585
  80.      cst                          320.95              273.88    -5000.0000   -14024.9881    -5000.0000   -14024.9881
  80.      cst                          320.95              252.50    -5000.0000   -16559.7001    -5000.0000   -16559.7001
  80.      cst                          320.95              314.32    -5000.0000   -20663.7804    -5000.0000   -20663.7804
  80.      cst                          320.95              270.60    -5000.0000   -17695.5892    -5000.0000   -17695.5892
  80.      cst                          320.95              298.54    -5000.0000   -21537.0763    -5000.0000   -21537.0763
  80.      cst                          320.95              268.03    -5000.0000   -18207.4516    -5000.0000   -18207.4516
  80.      cst                          320.95              253.44    -5000.0000   -11814.5753    -5000.0000   -11814.5753
  23.      uhome(2)                     320.95              275.90    12513.1128    14495.1243    12513.1128    14495.1243
  80.      cst                          320.95              252.59    -5000.0000   -15378.8219    -5000.0000   -15378.8219
  80.      cst                          320.95              250.45    -5000.0000   -15165.0437    -5000.0000   -15165.0437
  80.      cst                          320.95              262.30    -5000.0000   -16505.0216    -5000.0000   -16505.0216
  80.      cst                          320.95             3233.32    -5000.0000   -18729.7971    -5000.0000   -18729.7971
  80.      cst                          320.95              286.84    -5000.0000   -16849.7908    -5000.0000   -16849.7908
  80.      cst                          320.95              270.37    -5000.0000   -13089.7782    -5000.0000   -13089.7782
  74.      cst                          320.95              262.35    -5000.0000     8316.3428    -5000.0000     8316.3428
  80.      cst                          320.95              253.89    -5000.0000   -12450.2388    -5000.0000   -12450.2388
  80.      cst                          320.95              274.69    -5000.0000   -16993.6744    -5000.0000   -16993.6744
  80.      cst                          320.95              264.52    -5000.0000   -13982.1768    -5000.0000   -13982.1768
  80.      cst                          320.95              252.94    -5000.0000   -17459.2663    -5000.0000   -17459.2663
  80.      cst                          320.95              250.93    -5000.0000   -21030.5443    -5000.0000   -21030.5443
  80.      cst                          320.95              259.07    -5000.0000   -32970.3044    -5000.0000   -32970.3044
  80.      cst                          320.95              272.11    -5000.0000   -21299.7170    -5000.0000   -21299.7170
  23.      uhome(2)                     320.95              246.00    12513.1128    22372.1428    12513.1128    22372.1428
  23.      uhome(2)                     320.95              231.32    12513.1128    34105.8944    12513.1128    34105.8944
  80.      cst                          320.95              246.47    -5000.0000   -14536.8393    -5000.0000   -14536.8393
  80.      cst                          320.95              244.83    -5000.0000   -15703.0954    -5000.0000   -15703.0954
  80.      cst                          320.95              250.48    -5000.0000   -13458.6816    -5000.0000   -13458.6816
  80.      cst                          320.95              280.33    -5000.0000    -8975.9875    -5000.0000    -8975.9875
  80.      cst                          320.95              252.79    -5000.0000   -14114.3328    -5000.0000   -14114.3328
  80.      cst                          320.95              244.20    -5000.0000   -13265.7630    -5000.0000   -13265.7630
  80.      cst                          320.95              244.29    -5000.0000   -14411.9287    -5000.0000   -14411.9287
  80.      cst                          320.95              257.12    -5000.0000   -13334.0674    -5000.0000   -13334.0674
  80.      cst                          320.95              283.33    -5000.0000   -52010.8361    -5000.0000   -52010.8361
  80.      cst                          320.95              276.65    -5000.0000   -15112.1033    -5000.0000   -15112.1033
  80.      cst                          320.95              276.96    -5000.0000    21046.0890    -5000.0000    21046.0890
  80.      cst                          320.95              251.41    -5000.0000   -20016.2681    -5000.0000   -20016.2681
  80.      cst                          320.95              259.50    -5000.0000   -12167.5663    -5000.0000   -12167.5663
  80.      cst                          320.95              252.21    -5000.0000   -15851.4353    -5000.0000   -15851.4353
  80.      cst                          320.95              245.66    -5000.0000   -16927.2773    -5000.0000   -16927.2773
  80.      cst                          320.95              249.05    -5000.0000   -21485.1336    -5000.0000   -21485.1336
  80.      cst                          320.95              244.75    -5000.0000   -18399.4645    -5000.0000   -18399.4645
  80.      cst                          320.95              270.50    -5000.0000   -21945.4583    -5000.0000   -21945.4583
  80.      cst                          320.95              277.49    -5000.0000   -15118.7159    -5000.0000   -15118.7159
  80.      cst                          320.95              252.14    -5000.0000   -11745.0492    -5000.0000   -11745.0492
  80.      cst                          320.95              271.87    -5000.0000   -15760.7916    -5000.0000   -15760.7916
  80.      cst                          320.95              243.57    -5000.0000   -13699.8523    -5000.0000   -13699.8523
  80.      cst                          320.95              256.55    -5000.0000   -13022.0737    -5000.0000   -13022.0737
  80.      cst                          320.95              238.61    -5000.0000   -18762.5172    -5000.0000   -18762.5172
  80.      cst                          320.95              271.44    -5000.0000   -15733.2943    -5000.0000   -15733.2943
  80.      cst                          320.95              276.09    -5000.0000   -53065.6986    -5000.0000   -53065.6986
  80.      cst                          320.95              276.96    -5000.0000    21046.0890    -5000.0000    21046.0890
  80.      cst                          320.95              236.04    -5000.0000   -14784.2411    -5000.0000   -14784.2411
  80.      cst                          320.95              257.63    -5000.0000   -18455.9163    -5000.0000   -18455.9163
  80.      cst                          320.95              232.71    -5000.0000   -10451.9734    -5000.0000   -10451.9734
  25.      kcst                         320.95              266.78    -1451.4686    -6272.0214    -1451.4686    -6272.0214
  80.      cst                          320.95              233.25    -5000.0000   -14218.8343    -5000.0000   -14218.8343
  92.      cst                          320.95              261.61    -5000.0000    11481.1617    -5000.0000    11481.1617
  80.      cst                          320.95              232.42    -5000.0000   -14139.2717    -5000.0000   -14139.2717
  80.      cst                          320.95              253.10    -5000.0000   -11825.2510    -5000.0000   -11825.2510
  80.      cst                          320.95              271.69    -5000.0000   -52755.6488    -5000.0000   -52755.6488
  80.      cst                          320.95              258.20    -5000.0000   -17813.8931    -5000.0000   -17813.8931
  80.      cst                          320.95              233.37    -5000.0000   -15748.9824    -5000.0000   -15748.9824
  80.      cst                          320.95              235.29    -5000.0000   -16420.8402    -5000.0000   -16420.8402
  80.      cst                          320.95              260.31    -5000.0000   -18953.3057    -5000.0000   -18953.3057
  80.      cst                          320.95              269.53    -5000.0000   -17347.2221    -5000.0000   -17347.2221
  80.      cst                          320.95              248.99    -5000.0000   -16098.0657    -5000.0000   -16098.0657
  80.      cst                          320.95              246.20    -5000.0000   -16538.8731    -5000.0000   -16538.8731
  80.      cst                          320.95              236.72    -5000.0000   -11103.0822    -5000.0000   -11103.0822
  80.      cst                          320.95              234.62    -5000.0000   -15005.6160    -5000.0000   -15005.6160
  80.      cst                          320.95              262.85    -5000.0000   -16916.4397    -5000.0000   -16916.4397
  80.      cst                          320.95              267.40    -5000.0000   -10572.1216    -5000.0000   -10572.1216
  80.      cst                          320.95              273.29    -5000.0000   -20082.8673    -5000.0000   -20082.8673
  80.      cst                          320.95              268.07    -5000.0000    21332.6105    -5000.0000    21332.6105
  80.      cst                          320.95              275.41    -5000.0000   -10025.3939    -5000.0000   -10025.3939
  80.      cst                          320.95              273.29    -5000.0000   -20082.8673    -5000.0000   -20082.8673
  80.      cst                          320.95              275.41    -5000.0000   -10025.3939    -5000.0000   -10025.3939
  80.      cst                          320.95              247.93    -5000.0000   -12539.7623    -5000.0000   -12539.7623
  23.      uhome(2)                     320.95              230.24    12513.1128    17158.3766    12513.1128    17158.3766
  80.      cst                          320.95              274.06    -5000.0000     7813.8541    -5000.0000     7813.8541
  80.      cst                          320.95              274.20    -5000.0000   -12127.7777    -5000.0000   -12127.7777
  80.      cst                          320.95              254.03    -5000.0000   -13432.6388    -5000.0000   -13432.6388
  80.      cst                          320.95              225.80    -5000.0000   -14240.6758    -5000.0000   -14240.6758
  80.      cst                          320.95              229.55    -5000.0000   -13302.4642    -5000.0000   -13302.4642
  80.      cst                          320.95              260.14    -5000.0000   -16366.3215    -5000.0000   -16366.3215
  80.      cst                          320.95              231.96    -5000.0000   -12781.0043    -5000.0000   -12781.0043
  80.      cst                          320.95              229.52    -5000.0000   -11066.8793    -5000.0000   -11066.8793
  80.      cst                          320.95              231.34    -5000.0000   -15797.2933    -5000.0000   -15797.2933
  80.      cst                          320.95              227.99    -5000.0000   -18260.8478    -5000.0000   -18260.8478
  80.      cst                          320.95              244.52    -5000.0000   -13031.4954    -5000.0000   -13031.4954
  80.      cst                          320.95              261.80    -5000.0000   -51832.9578    -5000.0000   -51832.9578
  80.      cst                          320.95              231.57    -5000.0000   -17205.0505    -5000.0000   -17205.0505
  80.      cst                          320.95              262.28    -5000.0000   -21324.5691    -5000.0000   -21324.5691
  80.      cst                          320.95              262.31    -5000.0000    20904.7874    -5000.0000    20904.7874
  80.      cst                          320.95              227.86    -5000.0000   -15838.4710    -5000.0000   -15838.4710
  23.      uhome(2)                     320.95              240.35    12513.1128    17891.2650    12513.1128    17891.2650
  80.      cst                          320.95              221.40    -5000.0000   -12489.8719    -5000.0000   -12489.8719
  25.      kcst                         320.95              220.45    -1451.4686    -9474.7498    -1451.4686    -9474.7498
  80.      cst                          320.95              253.04    -5000.0000   -12087.4590    -5000.0000   -12087.4590
  23.      uhome(2)                     320.95              266.09    12513.1128    15926.5545    12513.1128    15926.5545
  80.      cst                          320.95              246.65    -5000.0000   -10870.7084    -5000.0000   -10870.7084
  80.      cst                          320.95              256.84    -5000.0000   -50624.1905    -5000.0000   -50624.1905
  80.      cst                          320.95              227.24    -5000.0000   -14297.5297    -5000.0000   -14297.5297
  74.      cst                          320.95              237.53    -5000.0000   -18919.7818    -5000.0000   -18919.7818
  80.      cst                          320.95              228.74    -5000.0000   -14575.2060    -5000.0000   -14575.2060
  80.      cst                          320.95              254.61    -5000.0000   -14374.2846    -5000.0000   -14374.2846
  80.      cst                          320.95              250.66    -5000.0000   -11641.9346    -5000.0000   -11641.9346
  80.      cst                          320.95              239.00    -5000.0000   -15028.7523    -5000.0000   -15028.7523
  80.      cst                          320.95              248.98    -5000.0000   -18397.7498    -5000.0000   -18397.7498
  80.      cst                          320.95              264.08    -5000.0000   -12769.9581    -5000.0000   -12769.9581
  80.      cst                          320.95              238.45    -5000.0000   -14030.9419    -5000.0000   -14030.9419
  80.      cst                          320.95              253.06    -5000.0000   -11987.4596    -5000.0000   -11987.4596
  80.      cst                          320.95              239.30    -5000.0000   -17388.4573    -5000.0000   -17388.4573
  23.      uhome(2)                     320.95              224.66    12513.1128    18807.7624    12513.1128    18807.7624
  80.      cst                          320.95              269.32    -5000.0000    21575.5754    -5000.0000    21575.5754
  80.      cst                          320.95              244.28    -5000.0000     3525.6339    -5000.0000     3525.6339
  80.      cst                          320.95              223.99    -5000.0000   -11620.2834    -5000.0000   -11620.2834
  23.      uhome(2)                     320.95              234.10    12513.1128    19445.5695    12513.1128    19445.5695
