   2.9090488539702490     
  0.36179592759986212     
   5.7004694936192699     
  -100.00000000000000     
 -0.38325344896497893     
  -1.3506721511037898     
   1.7960622845392589     
  -100.00000000000000     
   3.0659770447061367     
  -3.4303015774674539E-002
  0.42733595973976257     
  0.59807631372670711     
   2.4000000000001216     
   0.0000000000000000     
   0.0000000000000000     
  -3.1750874786497891     
   0.0000000000000000     
   0.0000000000000000     
   0.0000000000000000     
  -1.2209985945425617     
  -2.5000000000000000     
   12953.611600001832     
   14800.167539350943     
  -1506.4572201327794     
  -5258.5603812425097     
  -2.0000000000000000     
 -0.92923389488548036     
   3.6549947181799602E-002
  -3.0701876349013411     
   1.3356608809862074     
  -11.418007327355598     
  -2.4475560738916444     
   1358.7599000000328     
   0.0000000000000000     
   3354.4869999998245     
   4763.7679000000035     
   3323.4806073225159     
   5072.9305999999997     
   5328.9858999997305     
   2500.1244603384430     
   4298.3865999999998     
  0.43738212440720536     
   9.3190376568788494E-002
   0.0000000000000000     
 -0.33746599523014520     
  0.33354776908513634     
 -0.43653949215216514     
   2.8621637660245440E-002
  0.28285622555454604     
 -0.41030443726080190     
 -0.83494289254210385     
  -2.6584544562250514     
   0.0000000000000000     
  0.44796213285223718     
  0.52974780503026908     
   8.5410795440145237E-002
  -1.3389177273177935     
  0.27606187598384890     
  0.11922097918981381     
 -0.72154597452379587     
 -0.26810092476725461     
 -0.13680016776822490     
  0.24879511800846871     
  -1.0145346628545568     
   0.0000000000000000     
  -1.4791441683005497     
 -0.63479446878879875     
   2.9759814060527416     
  -2.0540697079985781     
   0.0000000000000000     
   0.0000000000000000     
   9.5461121391419415     
   7.7818858801641255     
  -6876.6030677404869     
  -4.0000000000000000     
   1.4113351309194258     
 -0.44492946284158208     
   9.3643791092898141     
   8.5991357852009092     
  -4702.4396925281471     
  -4.0000000000000000     
   1.5435443464776455     
   1.4600406379443758     
   9.7000211418954585     
   8.7109951290696443     
  -13888.662112086258     
  -4.0000000000000000     
  0.24803791964799468     
   1.2999175971377142     
   9.2890835037802422     
   9.3197071035931671     
  -14484.427922723929     
  -2.0000000000000000     
