   3.8276282259942849     
  -1.1548765397986152     
   4.9076305819964308     
  -100.00000000000000     
  0.81010619187930677     
 -0.49045668669954268     
   2.5510000672212945     
  -100.00000000000000     
   2.4050197942019640     
   1.1912542637195167     
   1.3501137931700793     
 -0.64089654108629668     
   1.9228201045430313     
   0.0000000000000000     
   0.0000000000000000     
  -1.4929805967309342     
   0.0000000000000000     
   0.0000000000000000     
   0.0000000000000000     
  -1.2209985945425634     
  -2.5000000000000000     
   9924.6462875514790     
   13787.440667684819     
  -1250.5651585072392     
  -32271.574631529056     
  -2.0000000000000000     
  -4.3938891668387718     
  -2.4718013948030597     
  -5.7733596010900436     
  -2.5975115860857194     
  -13.463548125393038     
  -2.7238734725696627     
   1605.7537771096154     
   0.0000000000000000     
   3976.6038810558148     
   4057.7611122233166     
   5803.8849666528413     
   4335.9037072548408     
   6548.1180442327932     
   2221.7012081733537     
   2285.9271015211643     
   6.9133561725293578E-004
   2.3361445736658042E-002
   0.0000000000000000     
 -0.69822390087444375     
 -0.21328512360116869     
 -0.21666592838957810     
 -0.13528864568626642     
 -0.12172415700516159     
  -6.6538914390691151E-002
  -3.6267428244882565     
 -0.83018532584564420     
   0.0000000000000000     
   3.6823148037670089E-002
   2.3595226942037119E-002
   8.5410795440145210E-002
  -5.3448260475207010E-002
  -7.4494779004804224E-002
 -0.15941465396722959     
 -0.11694270074319538     
  0.10363270041228248     
   6.5343161059886384E-002
 -0.22264759477355889     
  -1.0091213734221169     
   0.0000000000000000     
 -0.50000000000000000     
  -1.0000000000000000     
   1.9852203825728947     
  -1.3021733765131778     
   0.0000000000000000     
   0.0000000000000000     
   9.1037042452039270     
   9.0780631895843058     
  -6328.9024900420300     
  -4.0000000000000000     
  -8.9681498380650260E-002
  -7.0132411873813416E-002
   9.1303023612261320     
   8.6436627845153549     
  -5279.9917351648801     
  -4.0000000000000000     
  -9.2925275984703792E-003
 -0.60447729478666234     
   8.9134608863461828     
   9.0620706797356050     
  -6710.8969288066182     
  -4.0000000000000000     
  0.10651514038098420     
  -4.7587352355745266E-002
   9.4634016771785792     
   8.7916754365733354     
  -4376.5494489733701     
  -2.0000000000000000     
