   2.9894017547691023     
  -1.2974692530396923     
   5.1317789523087560     
  -100.00000000000000     
   1.2964448640070034     
 -0.60180646159896201     
   2.5895494297455413     
  -100.00000000000000     
   2.5776314888932905     
   1.2604612713858139     
   1.4447516639274751     
 -0.82487622108150294     
   1.8406888828703667     
   0.0000000000000000     
   0.0000000000000000     
  -1.4673821846051083     
   0.0000000000000000     
   0.0000000000000000     
   0.0000000000000000     
  -1.2209985945425639     
  -2.5000000000000000     
   10112.669302969674     
   13789.882391153409     
  -1559.7060979972434     
  -34511.495134067387     
  -2.0000000000000000     
  -4.3226405523746365     
  -2.3791836708329663     
  -5.4720530172627813     
  -3.0813787866786821     
  -14.087704692223225     
  -2.5651073415503953     
   1521.7576931754757     
   0.0000000000000000     
   2659.4109723622269     
   3281.4963891152966     
   4343.7446446577524     
   3225.9017738085804     
   5995.8499577209186     
   2193.2388992539281     
   2108.2354892328412     
   5.5586273830102603E-002
   1.0482242655483878E-002
   0.0000000000000000     
 -0.86701847353318084     
 -0.20879553983435975     
 -0.29884582633139567     
 -0.15847672898733967     
 -0.16141638936766381     
  -7.6213729125414437E-002
  -1.1703707110451318     
 -0.69554286038741719     
   0.0000000000000000     
  -3.8001453984302727E-002
  -3.5042107028382230E-002
   8.5410795440145293E-002
  -4.1574427432947009E-002
  -6.9970802418715866E-002
 -0.19911541572289004     
 -0.18690334843000278     
  0.14412237290496027     
   6.3429529044810529E-002
 -0.13846010054855035     
 -0.92177467994191020     
   0.0000000000000000     
 -0.50000000000000000     
  -1.0000000000000000     
   1.7643897887955324     
  -1.2927954608523282     
   0.0000000000000000     
   0.0000000000000000     
   9.0692431358197769     
   9.1193565916541353     
  -7039.2024034510032     
  -4.0000000000000000     
 -0.38533054661456362     
   1.2103941749291497E-002
   9.0047936076716013     
   8.5232498201916638     
  -4903.8885968982522     
  -4.0000000000000000     
 -0.10708596003926896     
 -0.53753098612337558     
   8.7740542996939794     
   9.0149199475923254     
  -6912.3916649021667     
  -4.0000000000000000     
 -0.16674103558629716     
 -0.58432294319908418     
   9.5343702787134585     
   8.7779300145399297     
  -3546.1357059475849     
  -2.0000000000000000     
