   2.2837359176549752     
  -1.5271170087425219     
   5.2715710791465868     
  -100.00000000000000     
  0.99102858372898606     
 -0.55792346675704385     
   2.5542041012003676     
  -100.00000000000000     
   2.9944789376896725     
   1.9998899149033735     
   1.5184365097441548     
  -1.7175623261695392     
   1.8406888828703658     
   0.0000000000000000     
   0.0000000000000000     
  -1.2217640228576012     
   0.0000000000000000     
   0.0000000000000000     
   0.0000000000000000     
  -1.2209985945425625     
  -2.5000000000000000     
   10112.669302969642     
   13789.882391153249     
  -1559.7060979972453     
  -34511.495134067707     
  -2.0000000000000000     
  -4.2290570845263851     
  -6.4006453971414086     
  -6.3401306337636081     
  -1.4927460984529062     
  -13.115256073613773     
  -2.9431321631682303     
   1521.7576931754747     
   0.0000000000000000     
   2659.4109723622169     
   3281.4963891152684     
   4343.7446446577651     
   3225.9017738085759     
   5995.8499577209241     
   2193.2388992539400     
   2108.2354892328503     
   5.8157660762205188E-002
  -5.6419131179544765E-002
   0.0000000000000000     
 -0.17092524122795283     
 -0.11302585547203656     
 -0.16810876014594647     
  -7.2237453932295692E-002
 -0.20205870702987871     
  -3.4079293221245616E-002
  -1.5118373193560208     
  -1.0972258700958717     
   0.0000000000000000     
  -3.3624337523454034E-002
  -1.9329780244872554E-002
   8.5410795440145293E-002
   2.6888340294406756E-002
  -3.4477956547140629E-002
 -0.36012167912813875     
 -0.15909259140487120     
  -5.4354003134409162E-002
  -7.7284336264699910E-002
 -0.10804252902943079     
 -0.87039990470609718     
   0.0000000000000000     
 -0.50000000000000000     
  -1.0000000000000000     
   1.7643897887955253     
  -1.2927954608523180     
   0.0000000000000000     
   0.0000000000000000     
   9.2048232289608425     
   9.1239143704909740     
  -7039.2024034511032     
  -4.0000000000000000     
 -0.57872228026674688     
 -0.74785920027004638     
   9.3977965951156488     
   8.5477455135163964     
  -4903.8885968982831     
  -4.0000000000000000     
   6.8825500722829919E-002
 -0.52041791410165539     
   8.7527246174643505     
   9.0277690855711104     
  -6912.3916649021176     
  -4.0000000000000000     
 -0.69041932389906269     
 -0.23725726456565066     
   10.115814918529033     
   8.4593523035731852     
  -3546.1357059475849     
  -2.0000000000000000     
