   4.8409903686404938     
  -1.2318941640543011     
   5.0110108475594020     
  -100.00000000000000     
   2.8156629268259181E-003
  -1.4931722860301513     
   2.9909425092629247     
  -100.00000000000000     
   2.8088147816041191     
  0.39134923136664324     
   1.2016989484494616     
  -1.4556888812153286     
   2.4000000000000932     
   0.0000000000000000     
   0.0000000000000000     
 -0.30518971023157315     
   0.0000000000000000     
   0.0000000000000000     
   0.0000000000000000     
  -1.2209985945425643     
  -2.5000000000000000     
   11404.702470671387     
   20341.748680128319     
  -1505.5342939729449     
  -6244.7466869305927     
  -2.0000000000000000     
  -8.5455476198159701     
  -3.0143992709879210     
 -0.22993690109400866     
   1.7680893874731121     
  -13.591617193760177     
  -2.8719178874410920     
   1358.7599000000200     
   0.0000000000000000     
   3354.4869999999191     
   4763.7678999999998     
   3323.4806073225568     
   5072.9305999999997     
   5328.9858999999087     
   2500.1244603384066     
   4298.3865999999998     
  -2.2805961424519905E-003
   2.4184385112865268E-002
   0.0000000000000000     
 -0.11954482718965187     
  0.22631270398886794     
 -0.10710875729709628     
   8.6361385940204038E-003
   9.4327925088181011E-002
 -0.24920494037325414     
 -0.34470493916057321     
 -0.69960442753657248     
   0.0000000000000000     
  0.30216279465618234     
   5.9546958333299566E-002
   8.5410795440145210E-002
  0.13323456837066386     
  0.25012805064985294     
  0.21450518352891307     
   1.4148023860196257E-003
   8.3680820196355421E-003
 -0.10655988398156495     
 -0.54706107385280833     
 -0.45277928571019554     
   0.0000000000000000     
  -2.4145364814737142     
  -5.8248945281231972     
   6.5639493291154611     
  -1.0169880415786086     
   0.0000000000000000     
   0.0000000000000000     
   8.9823367085342216     
   8.5512937436972685     
  -4610.5240155981264     
  -4.0000000000000000     
  0.11168405219592319     
   6.8339254341488909E-002
   8.8434202083742939     
   8.0119608911795250     
  -12924.720016688745     
  -4.0000000000000000     
 -0.35695566093482234     
   2.5432428007262144     
   9.4248306429681747     
   9.2269011936069205     
  -6844.7124538461576     
  -4.0000000000000000     
  0.30096868448342456     
   1.0076058174640072     
   9.4192098887432127     
   9.0402600599113470     
  -1748.8995323525010     
  -2.0000000000000000     
