   2.7845090595819260     
  -1.6859866674279753     
   5.3294990468949992     
  -100.00000000000000     
   1.0918977156302052     
 -0.66931338026424547     
   2.8153902652353917     
  -100.00000000000000     
   3.4176670639135303     
   1.1461167840195341     
   1.3884589708628379     
  -1.3317526082140279     
   1.8406888828703645     
   0.0000000000000000     
   0.0000000000000000     
 -0.95220489349342863     
   0.0000000000000000     
   0.0000000000000000     
   0.0000000000000000     
  -1.2209985945425639     
  -2.5000000000000000     
   10112.669302969631     
   13789.882391153355     
  -1559.7060979972421     
  -34511.495134067518     
  -2.0000000000000000     
  -3.7077142585068916     
  -3.0832197353733317     
  -6.2832639504878829     
  -2.3292199048933035     
  -13.509643240962694     
  -2.5419850544967781     
   1521.7576931754747     
   0.0000000000000000     
   2659.4109723622241     
   3281.4963891152711     
   4343.7446446577633     
   3225.9017738085759     
   5995.8499577209186     
   2193.2388992539354     
   2108.2354892328412     
  -9.0190540490352689E-002
  -7.4900182888085753E-002
   0.0000000000000000     
 -0.58447454490812223     
 -0.23873632577033310     
 -0.13395766914242335     
  -4.8674483796160295E-002
 -0.28912518084575822     
 -0.19329521117443127     
  -1.5194252754203306     
 -0.88826200118507281     
   0.0000000000000000     
 -0.13195623997345535     
  -3.9360842508716340E-002
   8.5410795440145293E-002
  -4.4642489098024138E-002
  -7.2118008900167119E-002
 -0.18925305056930319     
   6.0938076521963480E-002
   6.2852343196221849E-002
  0.13638143104882750     
 -0.18190443497650688     
  -2.0328336114091181     
   0.0000000000000000     
 -0.50000000000000000     
  -1.0000000000000000     
   1.7643897887955227     
  -1.2927954608523211     
   0.0000000000000000     
   0.0000000000000000     
   9.3671041445766381     
   9.0244317273591612     
  -7039.2024034510268     
  -4.0000000000000000     
 -0.53758216398014680     
   4.1749103559348075     
   8.9012524811854945     
   8.4417726675916338     
  -4903.8885968982759     
  -4.0000000000000000     
 -0.55191347497406484     
 -0.30979533018542649     
   8.3897856586588340     
   8.9484390836777941     
  -6912.3916649021594     
  -4.0000000000000000     
 -0.79523061857136257     
 -0.60950944738621904     
   9.6377394579112785     
   8.7059063937420582     
  -3546.1357059475849     
  -2.0000000000000000     
