   4.6580847694500687     
  -1.2111215667051265     
   4.5975238439516666     
  -100.00000000000000     
  0.21163193937678448     
  -1.1566479968762755     
   3.0074106995428460     
  -100.00000000000000     
   2.4871999574232850     
  0.62798636661661322     
   1.1785903594096854     
  -1.2754619612220601     
   2.4000000000000745     
   0.0000000000000000     
   0.0000000000000000     
 -0.98377020874102672     
   0.0000000000000000     
   0.0000000000000000     
   0.0000000000000000     
  -1.2209985945425714     
  -2.5000000000000000     
   10827.850049719802     
   34105.894425347971     
  -1418.2702939866365     
  -3473.9983545449140     
  -2.0000000000000000     
  -7.3823273612386320     
  -2.4948879725044284     
  -1.6008942034426399     
   1.4583397058297707     
  -14.733432565009112     
  -2.0847899699169457     
   1358.7599000000168     
   0.0000000000000000     
   3354.4869999999182     
   4763.7679000000126     
   3323.4806073225559     
   5072.9305999999997     
   5328.9858999999251     
   2500.1244603383948     
   4298.3865999999998     
  -1.4034569006753747E-002
   1.3296446857894176E-002
   0.0000000000000000     
 -0.11149489950693926     
  0.22574658849863133     
 -0.12606680565709918     
  0.10419232058375066     
  0.15233665347068301     
 -0.17815740883705988     
 -0.22877822814564408     
  -1.0827059918840141     
   0.0000000000000000     
  0.31900661884247072     
   8.5989828564759840E-002
   8.5410795440145737E-002
  0.15310381838966913     
  0.12206782973959052     
  0.33028455549970015     
   3.4393234680778206E-002
  0.12295450575597108     
   8.7227853559995253E-003
  -1.1217063531291966     
 -0.56386732152277563     
   0.0000000000000000     
  -2.5852473420270488     
  -5.2036035936386975     
   5.9235235538824629     
  -1.1713604262080635     
   0.0000000000000000     
   0.0000000000000000     
   9.1843971187179623     
   8.7170864178556222     
  -6437.7221225166959     
  -4.0000000000000000     
 -0.29109889472908046     
 -0.26148146697697294     
   9.0385908296413078     
   7.9956191923488884     
  -13309.876907661423     
  -4.0000000000000000     
 -0.33668610425231194     
   1.4019625709936592     
   9.4569663902835828     
   9.1955697905351137     
  -6335.3415746726423     
  -4.0000000000000000     
  -7.3270568020595617E-002
  0.81825868550051051     
   9.5294243447059959     
   8.9732611584600050     
  -3250.6738983765754     
  -2.0000000000000000     
