   3.8416999999999999     
 -0.94792191933077397     
   3.3414341952495104     
  -100.00000000000000     
  0.26240896538725933     
 -0.78835828012881826     
   2.4740000000000002     
  -100.00000000000000     
   2.2566384152137235     
   1.0000000000000000     
   1.0000000000000000     
  0.10000000000000001     
   2.3999999999999999     
   0.0000000000000000     
   0.0000000000000000     
  -1.5000000000000000     
   0.0000000000000000     
   0.0000000000000000     
   0.0000000000000000     
  -1.2209985945425648     
  -2.5000000000000000     
   8653.9686610966801     
   12513.112752133817     
  -483.89161262324063     
  -1451.4685608295388     
  -2.0000000000000000     
  -4.0000000000000000     
  -3.0000000000000000     
  -5.2999999999999998     
  -4.0000000000000000     
  -13.595476233865908     
  -2.6747092018291161     
   1358.7599000000000     
   0.0000000000000000     
   3354.4870000000001     
   4763.7678999999998     
   3323.4806073226241     
   5072.9305999999997     
   5328.9858999999997     
   2500.1244603383393     
   4298.3865999999998     
  -4.8916300387685362E-003
  -9.3146035300440994E-002
   0.0000000000000000     
  -5.1495206500771995E-002
  0.41664569999793344     
 -0.14482147953851993     
   3.6655403426288702E-002
 -0.19104211531465010     
   5.7535011841878717E-002
 -0.75392109348154612     
  -1.0000000000000000     
   0.0000000000000000     
  0.17801415762746184     
   3.6188726618163428E-002
   8.5410795440145321E-002
  -2.9847225643792004E-002
  -7.2367487937285868E-002
  -2.3661001499031619E-002
  -6.5216182593537342E-002
  -7.1981489388945274E-002
   7.8485257067897871E-002
 -0.26281763961003024     
  -1.0000000000000000     
   0.0000000000000000     
 -0.50000000000000000     
  -1.0000000000000000     
   3.0000000000000000     
  -1.0000000000000000     
   0.0000000000000000     
   0.0000000000000000     
   9.0999999999999996     
   9.1999999999999993     
  -5000.0000000000000     
  -4.0000000000000000     
   0.0000000000000000     
   0.0000000000000000     
   9.0000000000000000     
   8.9000000000000004     
  -5000.0000000000000     
  -4.0000000000000000     
   0.0000000000000000     
   0.0000000000000000     
   9.1999999999999993     
   9.0000000000000000     
  -5000.0000000000000     
  -4.0000000000000000     
   0.0000000000000000     
   0.0000000000000000     
   9.4000000000000004     
   8.8000000000000007     
  -5000.0000000000000     
  -2.0000000000000000     
