   1.7897057411376318     
  -1.1123781589708091     
   6.1244607756504523     
  -102.60545553399575     
  0.62984591720183092     
  -7.8271217768093260E-002
   3.8559479739337457     
  -99.702562365912257     
   4.0850123066990349     
   1.0811646753078259     
   1.9654298576200655     
  -1.1937915464201974     
   1.4277320329093799     
   0.0000000000000000     
   0.0000000000000000     
  -1.2217640228576017     
   0.0000000000000000     
   0.0000000000000000     
   0.0000000000000000     
  -1.2209985945425728     
  -2.5000000000000000     
   17161.370875576285     
   13280.965473032817     
  -3728.9192051215923     
  -54656.087169798921     
  -2.0000000000000000     
  -6.5225052905457694     
  -4.4466329355792151     
  -7.4107625999007025     
   2.8839884803754217     
  -13.881263079202968     
  -2.9431321631682321     
   1521.7576931754747     
   0.0000000000000000     
   2659.4109723621987     
   3281.4963891152893     
   4343.7446446577578     
   3225.9017738085995     
   5995.8499577209222     
   2193.2388992539591     
   2108.2354892328622     
   5.8157660762205188E-002
  -5.6419131179544821E-002
   0.0000000000000000     
 -0.17092524122795166     
 -0.11302585547203720     
 -0.16810876014594675     
  -7.2237453932295054E-002
 -0.20205870702988049     
  -3.4079293221245324E-002
  -1.5118373193560208     
  -1.0972258700958810     
   0.0000000000000000     
  -3.3624337523454326E-002
  -1.9329780244872353E-002
   8.5410795440145293E-002
   2.6888340294406812E-002
  -3.4477956547140379E-002
 -0.36012167912813620     
 -0.15909259140487053     
  -5.4354003134409107E-002
  -7.7284336264700132E-002
 -0.10804252902942965     
 -0.87039990470609430     
   0.0000000000000000     
  -1.9493348572345708     
  -1.6410672063203897     
   5.5962708521002558     
   2.1940764177794718     
   0.0000000000000000     
   0.0000000000000000     
   9.2048232289608460     
   9.1239143704910131     
   20094.289478248043     
   1.0000000000000000     
 -0.57872228026674843     
 -0.74785920027004682     
   9.3977965951155991     
   8.5477455135163218     
  -1752.7104818647101     
   1.0000000000000000     
   6.8825500722830418E-002
 -0.52041791410165161     
   8.7527246174642688     
   9.0277690855711707     
  -7088.1261554244411     
   1.0000000000000000     
 -0.69041932389906846     
 -0.23725726456564972     
   10.115814918529061     
   8.4593523035731852     
  -2751.2076440017545     
   1.0000000000000000     
