 neval,hmin,hmean,hstd so far from pnmead are:
         214   4343.4560376318868        8118.7289983853198        1890.0857227877798     

 parameters that correspond to hminvalue so far are:
   3.0316470154342228     
 -0.18717757897478893     
   4.9285572945522809     
  -100.00000000000000     
 -0.21078794752236307     
  -1.2827376802324786     
   1.9803923996716915     
  -100.00000000000000     
   2.9259894288446446     
  0.18994701543412562     
  0.18994701543412607     
  0.47748098411989931     
   2.4000000000000976     
   0.0000000000000000     
   0.0000000000000000     
  -2.5450213958022783     
   0.0000000000000000     
   0.0000000000000000     
   0.0000000000000000     
  -1.2209985945425594     
  -2.5000000000000000     
   12159.055232227385     
   14214.327833917469     
  -1257.4838330826396     
  -4390.8846600883408     
  -2.0000000000000000     
  -1.5698410463023968     
 -0.56984104630238619     
  -3.5449179104445205     
  -2.1475378435504311     
  -11.916533379137993     
  -2.3437357084867214     
   1358.7599000000237     
   0.0000000000000000     
   3354.4869999998655     
   4763.7679000000144     
   3323.4806073225404     
   5072.9305999999997     
   5328.9858999997959     
   2500.1244603384175     
   4298.3865999999998     
  0.32479730382886302     
   8.9080904067079719E-002
   0.0000000000000000     
 -0.20650797473844690     
  0.21771113654031374     
 -0.37713942225238101     
   4.4465644341025262E-002
  0.11149134898588914     
 -0.25665207188866163     
  -1.6030062274733985     
  -1.6062656877396808     
   0.0000000000000000     
  0.40791980781482806     
  0.44121521890110116     
   8.5410795440144988E-002
 -0.98502011856461791     
  0.21755773718869181     
  0.20029634537780461     
 -0.58706866986300732     
 -0.17749283762323759     
  -7.1678826230016798E-002
  -2.5162567185362263     
 -0.69108511886455082     
   0.0000000000000000     
 -0.66783313213818385     
 -0.51518952474328872     
   3.2723236525299448     
  -2.3112694834008289     
   0.0000000000000000     
   0.0000000000000000     
   9.5050264922832977     
   8.2408022178769578     
  -6009.8932876848958     
  -4.0000000000000000     
   1.2150794768488093     
 -0.21771150180598603     
   9.2889418463326123     
   8.5074358613253853     
  -3833.7114951703188     
  -4.0000000000000000     
   1.2150794768488093     
   1.2150794768488093     
   9.6050264922829065     
   8.7716134813287852     
  -11237.383739925965     
  -4.0000000000000000     
  0.45083362180166503     
   1.2150794768488093     
   9.4308442233689593     
   9.2050264922830287     
  -11623.374828203247     
  -2.0000000000000000     
