   2.0152029784198002     
  -1.2297406511661446     
   5.9826050430997375     
  -101.91533043073798     
  0.92327798629959812     
  0.64099705657336004     
   3.8180789060069742     
  -99.984048017519740     
   3.5889041090289462     
   1.3946816044810220     
   1.7118007254630085     
  -1.0838969981225623     
   1.5694169681973844     
   0.0000000000000000     
   0.0000000000000000     
  -1.2217640228576025     
   0.0000000000000000     
   0.0000000000000000     
   0.0000000000000000     
  -1.2209985945425723     
  -2.5000000000000000     
   16446.069733506309     
   12022.552323516715     
  -3323.7825208535669     
  -53509.420873332943     
  -2.0000000000000000     
  -4.9713001946171449     
  -6.6926473347858391     
  -7.6483634892117882     
   2.0916937122072765     
  -13.473425892814708     
  -2.9431321631682321     
   1521.7576931754729     
   0.0000000000000000     
   2659.4109723621968     
   3281.4963891152920     
   4343.7446446577687     
   3225.9017738086004     
   5995.8499577209386     
   2193.2388992539582     
   2108.2354892328622     
   5.8157660762205188E-002
  -5.6419131179544807E-002
   0.0000000000000000     
 -0.17092524122795161     
 -0.11302585547203731     
 -0.16810876014594625     
  -7.2237453932294998E-002
 -0.20205870702988027     
  -3.4079293221245338E-002
  -1.5118373193560208     
  -1.0972258700958806     
   0.0000000000000000     
  -3.3624337523454312E-002
  -1.9329780244872346E-002
   8.5410795440145293E-002
   2.6888340294406812E-002
  -3.4477956547140351E-002
 -0.36012167912813675     
 -0.15909259140487048     
  -5.4354003134409218E-002
  -7.7284336264700076E-002
 -0.10804252902942973     
 -0.87039990470609496     
   0.0000000000000000     
  -1.9133368282804175     
  -1.8361954739079711     
   5.6556825394625996     
   1.9568150438452094     
   0.0000000000000000     
   0.0000000000000000     
   9.2048232289608460     
   9.1239143704910060     
   16907.063773965350     
   1.0000000000000000     
 -0.57872228026674866     
 -0.74785920027004527     
   9.3977965951156097     
   8.5477455135163254     
  -1660.3648842037003     
   1.0000000000000000     
   6.8825500722830474E-002
 -0.52041791410165161     
   8.7527246174642830     
   9.0277690855711814     
  -6721.8541507797927     
   1.0000000000000000     
 -0.69041932389906824     
 -0.23725726456564994     
   10.115814918529043     
   8.4593523035731852     
  -2284.7528309098907     
   1.0000000000000000     
