   2.7566739802493578     
  -1.5901388380004828     
   5.3072101756656611     
  -100.00000000000000     
   1.1203008912504291     
 -0.58524532982375399     
   2.8447040316960370     
  -100.00000000000000     
   3.2829814529547816     
   1.0466435140312582     
   1.2071169015154479     
  -1.2371495342550469     
   1.8406888828703656     
   0.0000000000000000     
   0.0000000000000000     
  -1.3999277012653659     
   0.0000000000000000     
   0.0000000000000000     
   0.0000000000000000     
  -1.2209985945425639     
  -2.5000000000000000     
   10112.669302969609     
   13789.882391153336     
  -1559.7060979972437     
  -34511.495134067576     
  -2.0000000000000000     
  -3.9115166058781723     
  -3.2379201317519022     
  -6.2533699357593839     
  -2.6521286832788729     
  -13.149722092903177     
  -2.7724217251622960     
   1521.7576931754732     
   0.0000000000000000     
   2659.4109723622223     
   3281.4963891152788     
   4343.7446446577760     
   3225.9017738085781     
   5995.8499577209213     
   2193.2388992539404     
   2108.2354892328435     
   7.6195933570033028E-003
  -4.3081190957132073E-002
   0.0000000000000000     
 -0.61676818790803511     
 -0.27408454981763514     
 -0.14684670668259778     
  -9.9942393591530954E-002
 -0.26094822051382049     
  -8.1729226970026062E-002
  -1.5170308475780352     
 -0.74183676139597488     
   0.0000000000000000     
 -0.10555829933516295     
  0.17557082877525634     
   8.5410795440145293E-002
  -2.6607354078776509E-002
  -4.5412510298242649E-002
 -0.11987545637773686     
  -4.6714571981556388E-002
   9.7773300395485457E-002
   6.4794235071765655E-002
 -0.24906620290415746     
  -1.7650230979510724     
   0.0000000000000000     
 -0.50000000000000000     
  -1.0000000000000000     
   1.7643897887955209     
  -1.2927954608523196     
   0.0000000000000000     
   0.0000000000000000     
   9.2735198163473935     
   9.0584659761756026     
  -7039.2024034510378     
  -4.0000000000000000     
 -0.36627689307266087     
   2.3251895915181260     
   8.9594704947078085     
   8.4802069240093054     
  -4903.8885968982831     
  -4.0000000000000000     
 -0.46148655351269041     
 -0.38414202143574061     
   8.5409665198940239     
   9.0144745981763545     
  -6912.3916649021485     
  -4.0000000000000000     
 -0.36319034632484531     
 -0.78156699196785573     
   9.6313376783164397     
   8.7382304752453663     
  -3546.1357059475849     
  -2.0000000000000000     
