   1.6861175953585743     
  -1.3098050083601258     
   1.6791048387342205     
  -102.60545553399785     
  0.91955265818383736     
  0.41992938986775535     
   1.7846180860282972     
  -99.702562365910524     
   3.6823158525642841     
   7.8475237266403458E-002
   1.9684011002589856     
  -1.4746399575490217     
   1.8608862706768563     
   0.0000000000000000     
  -5.0000000000000000     
  -1.2419820821726970     
   0.0000000000000000     
   0.0000000000000000     
   0.0000000000000000     
  -1.2209985945425705     
  -2.5000000000000000     
   9781.5448103768504     
   8352.1310057107476     
   0.0000000000000000     
   0.0000000000000000     
 -0.56723817048227465     
  -6.4011765241029135     
  -4.4295313284999605     
  -7.5123735475035502     
   3.3388417050369377     
  -14.305513360564365     
  -2.9981793718805001     
   1478.3930951725708     
   0.0000000000000000     
   2731.8660730754109     
   9075.7161208022844     
   8518.7720880315810     
   4436.5914403252646     
   16139.934004936038     
   2660.0622202897625     
   3429.4214125988210     
  0.13481158525551662     
  -3.0476331284126489E-002
   0.0000000000000000     
 -0.42336858996042215     
  -5.8614245588478171E-002
 -0.12444715912946409     
 -0.12772558850502891     
 -0.20776556203783747     
  -2.3607836735759582E-002
  -1.5364094720471166     
  -2.8977154481021224E-002
   0.0000000000000000     
  -1.8251373862635888E-002
   3.4731769285829522E-002
   8.5410795440145293E-002
   2.6200110903288405E-002
   2.2736214274220269E-002
  -9.5808904903894251E-002
  0.11595360505798245     
  -5.7398055455845233E-002
  -1.3508221585613503E-002
 -0.13449720727550707     
 -0.42631901208329537     
   0.0000000000000000     
  -1.0583116470473759     
  -1.6236368382881865     
  -2.2716163145434649     
  -2.8035122457216706     
 -0.23785196615995940     
  0.20491040708720182     
   9.1975235117165131     
   9.1238821933703722     
  -17897.622213644787     
  -4.0000000000000000     
 -0.47760482347270938     
 -0.57839489940472766     
   9.3945727203466838     
   8.3835857349196132     
  -22377.729415706144     
  -4.0000000000000000     
   8.0372710381083262E-002
 -0.60775906632771626     
   8.9836598538235410     
   9.0276349124846682     
  -33198.286057023986     
  -7.0000000000000000     
 -0.44224545398133258     
 -0.70512258599199107     
   9.4500341753553716     
   8.4585327396915275     
  -24475.455944630627     
  -7.0000000000000000     
