  0.78108186245994449     
  -1.5927173748775796     
   2.5124910851152946     
  -102.60545553399780     
  0.92445722904794581     
  0.21144540762710567     
   1.5305886567108653     
  -99.702562365910779     
   3.4629466668643083     
  0.43726780041909452     
   1.8347656615289973     
  -1.4395368113427724     
   2.0304042941598057     
   0.0000000000000000     
  -40.000000000000000     
 -0.66534449800267526     
   0.0000000000000000     
   0.0000000000000000     
   0.0000000000000000     
  -1.2209985945425643     
  -2.5000000000000000     
   47434.384186094852     
   25640.048824371770     
   0.0000000000000000     
   0.0000000000000000     
 -0.56723817048227465     
  -6.5155883857454562     
  -5.1842457525685610     
  -8.3266668062989808     
   5.9136947315080448     
  -14.911287818616671     
  -2.9748816709423025     
  -3064.5457708165200     
   0.0000000000000000     
  -2139.9963728073631     
  -26074.769411417492     
   8518.7720880315446     
  -1656.7533231049092     
   151559.49063463663     
  -6418.3210279795085     
   7827.0768766367628     
  -2.7332174795854532E-002
   3.1211604462880353E-002
   0.0000000000000000     
   5.9794765421875208E-002
  -9.8696010063602596E-002
  -6.2971796870328625E-002
   9.6043795732460954E-002
  -8.3636635979681927E-003
  -4.2654174004183663E-002
 -0.23556386732675624     
 -0.97326476372961968     
   0.0000000000000000     
  -6.9782277825532632E-002
  -2.5119551516960173E-002
   0.0000000000000000     
  -5.3065633471438008E-002
  -4.8980250292785278E-002
 -0.11517851720499478     
  -1.0274566049483947E-002
  -6.4406339533193649E-002
  -1.1806732220091824E-002
 -0.46769618773207394     
  -1.0739042884517942     
   0.0000000000000000     
 -0.64055229157977212     
 -0.73344319102942501     
 -0.81028808372656724     
 -0.57875538439524588     
  -5.6312060863725422E-002
  0.21533684501851519     
   9.0988324658188500     
   8.7890167666499792     
  -5266.0773808507347     
  -4.0000000000000000     
 -0.58307867255264334     
 -0.63957765077267870     
   9.2851023116279219     
   8.7762468296509262     
  -19317.304640377875     
  -4.0000000000000000     
   7.1496627676796987E-003
 -0.86365879320862227     
   8.9405015282446652     
   8.9342312882445327     
  -5190.4358228514793     
  -7.0000000000000000     
 -0.43281642826363792     
 -0.78266276888867747     
   9.1500009065699768     
   8.7962528995818090     
  -4783.3006551704948     
  -7.0000000000000000     
