   1.8056455401929092     
  -1.2011372990662221     
   6.2207000697353809     
  -102.60545553399675     
  0.80551837840293217     
  0.67310451608386934     
   4.0472049413932201     
  -99.702562365911319     
   3.8107470149099822     
  0.86887862317829656     
   1.6911645658309906     
  -1.4680568382092798     
   1.4746077573837713     
  -17394.228834829086     
  -2.4645105899030448     
  -1.0846313769630578     
   0.0000000000000000     
   0.0000000000000000     
   0.0000000000000000     
  -1.2209985945425847     
  -2.5000000000000000     
   50846.939735755164     
   42620.436382763917     
  -4240.2757620467964     
  -88279.576935098390     
  -2.0672381704822747     
  -6.2482399987567625     
  -4.7371565741133654     
  -7.3267600277974116     
   2.9631125212046974     
  -14.131429550829516     
  -3.0500985515466263     
   1018.4867616381944     
   0.0000000000000000     
   5003.3023155409392     
   6173.9914367259871     
   5698.4655060683444     
   6070.2398876262741     
   8646.9780805323608     
   1902.6792077671134     
   2445.0133563429436     
   9.9297454530565737E-002
  -6.7256566060667211E-002
   0.0000000000000000     
 -0.48008145349963088     
  -7.1886061703678811E-002
 -0.12696896637758512     
 -0.12658080816859216     
 -0.21510520894559765     
   7.0605005471144075E-003
  -1.5956281291360050     
  -2.8659547148615946E-002
   0.0000000000000000     
  -4.9485249274173949E-002
   2.1810013523487274E-002
   8.5410795440145293E-002
   4.8359022083235968E-002
  -1.6219718018429634E-002
 -0.37894317979141318     
 -0.15401947373842975     
  -2.2476981604102358E-002
  -4.5910219286239194E-002
 -0.10357899810850264     
 -0.32926011093773327     
   0.0000000000000000     
  -1.9883076723132862     
  -1.5039345604258429     
   1.0101845678265429     
  0.86286735410546900     
 -0.36244969392923126     
  0.10691776656051036     
   9.2257895745451073     
   9.1350324333424648     
  -10405.438647356525     
  -1.9453084599413870     
 -0.49035535667198882     
 -0.61072655437552126     
   9.3720371030899550     
   8.4247662521473963     
  -10000.000000000000     
  -1.5450019778858262     
   1.1083939714526952E-002
 -0.72095941456988599     
   8.7938644112326614     
   9.0588928005806721     
  -10000.000000000000     
  -2.2742652917890607     
 -0.55328667800454356     
 -0.52811418858858117     
   10.110018188728882     
   8.4214432241544355     
  -10000.000000000000     
  -2.2742652917890607     
