 neval,hmin,hmean,hstd so far from pnmead are:
         491   164.09843945403861        171.35984020904223        3.3602653417269797     

 parameters that correspond to hminvalue so far are:
  0.80886591803358177     
  -1.6454285332761485     
   2.2105119084125961     
  -102.60545553399797     
  0.95946952202490010     
   2.8855913517654430E-002
   1.6862725436470847     
  -99.702562365909785     
   3.2829775814598454     
  0.45942924756990400     
   2.2200140306441023     
  -1.7264305808892142     
   1.9843561786421708     
   0.0000000000000000     
  -40.000000000000000     
 -0.58460148030977122     
   0.0000000000000000     
   0.0000000000000000     
   0.0000000000000000     
  -1.2209985945425514     
  -2.5000000000000000     
   39189.539761038861     
   32352.558620016142     
   0.0000000000000000     
   0.0000000000000000     
 -0.56723817048227465     
  -5.8314253294488001     
  -4.3390836897973788     
  -7.8694934853359833     
   6.2655579313956578     
  -14.838865746101725     
  -3.0704522774795127     
  -1349.0414726949341     
   0.0000000000000000     
  -2003.5137813208685     
  -21522.799219767952     
   8518.7720880316028     
  -9942.9992527169652     
   184028.77691668872     
  -1717.1779047628038     
   7907.5092554818530     
  -1.9447695054868784E-002
   2.8062094576247146E-003
   0.0000000000000000     
   8.6979217882561244E-002
  -7.1953028967877225E-002
   6.2852529486145142E-002
   3.6294354125407415E-002
  -1.8721994985515248E-002
   2.8269844114375664E-002
 -0.16140924594046491     
 -0.89391054095464617     
   0.0000000000000000     
  -7.8250458703884945E-002
   3.1347219914188758E-003
   0.0000000000000000     
  -7.3432258943135945E-002
  -8.5753321729797272E-002
  -8.9453597834596443E-002
   1.1028376134303061E-002
   1.1731271524018788E-002
   1.6711204571985466E-002
 -0.33956766163746621     
  -1.2389984844681625     
   0.0000000000000000     
 -0.33990866345573323     
 -0.68157839343550219     
 -0.67473338120135862     
 -0.44835123539011856     
   1.9129199304369543E-002
  0.10355516006932269     
   9.1078727980897103     
   8.8332490917942685     
  -5214.8216274144470     
  -4.0000000000000000     
 -0.35394256491820841     
 -0.71017976906564551     
   8.4487273628892350     
   8.7188936818484564     
  -5893.6629384589705     
  -4.0000000000000000     
  0.35113117168233698     
 -0.97412763979693906     
   8.9870259958195629     
   8.8900748810003343     
  -2584.1735937949607     
  -7.0000000000000000     
 -0.14027869442943791     
 -0.80270809193356862     
   9.2317967136139014     
   8.8186733548532104     
  -6067.7953945269201     
  -7.0000000000000000     
