   1.7771479258123324     
  -1.2839384207727496     
   1.7513120008686514     
  -102.60545553399720     
  0.91379941454091995     
  0.16361277021471932     
   1.8194290695662239     
  -99.702562365910893     
   3.7542624393929001     
   3.3206165003255017E-003
   2.0540001808964718     
  -1.6122760977361732     
   1.4190895533623225     
   0.0000000000000000     
  -5.0000000000000000     
  -1.2523533727605478     
   0.0000000000000000     
   0.0000000000000000     
   0.0000000000000000     
  -1.2209985945425790     
  -2.5000000000000000     
   9313.9918783357025     
   8067.0781370342374     
   0.0000000000000000     
   0.0000000000000000     
 -0.56723817048227465     
  -6.5966838088290523     
  -4.7388721860727347     
  -7.4526067615138301     
   3.0931333783954966     
  -14.398445728800695     
  -2.6402051662771306     
   1091.1271211645985     
   0.0000000000000000     
   71.023449977768905     
   7866.5650714588883     
   5882.4023195020054     
  -839.24845509257989     
   15800.246417066784     
   2092.9102312664008     
   3414.7061157466942     
  0.11403610830946029     
  -5.2301399808946880E-002
   0.0000000000000000     
 -0.43241529074046953     
  -5.9206211459630037E-002
 -0.10217296945459511     
 -0.13860050631841395     
 -0.18998269782592991     
  -8.0508848560984850E-002
  -1.5710328326597072     
   7.9009345032594880E-004
   0.0000000000000000     
  -3.8230970033067073E-002
   3.5630014098249341E-002
   8.5410795440145293E-002
  -2.9897810351977264E-002
  -2.3527982682495466E-002
 -0.12009458390869940     
   9.5399716417273850E-002
 -0.10853083092098958     
  -2.7002793463359355E-002
 -0.14454284832436420     
 -0.33238388804330798     
   0.0000000000000000     
  -1.1988260060758102     
  -1.4930073825905421     
  -2.1634034827607147     
  -2.8660781215412028     
 -0.31032694180314518     
  0.14560202012507162     
   9.1636709059343566     
   9.0972129523668723     
  -15276.583626532338     
  -4.0000000000000000     
 -0.56282096005460402     
 -0.65376329527806443     
   10.214428849224031     
   8.3781310495690917     
  -22631.351952780366     
  -4.0000000000000000     
   8.9926946868373492E-002
 -0.61513670765976836     
   8.8386857177697209     
   9.0129184089684813     
  -31203.596260047285     
  -7.0000000000000000     
 -0.52699571806450707     
 -0.44112065518444266     
   9.4528392313926748     
   8.4583327526603309     
  -25583.630992983941     
  -7.0000000000000000     
