   1.4873783705308821     
  -1.4147055295775792     
   6.2197707718598467     
  -102.60545553399689     
  0.81412598648542556     
 -0.38059858837486321     
   4.0746271860219467     
  -99.702562365911177     
   3.7826849360922701     
  0.77883730470105927     
   1.6631024870132820     
  -1.4961189170269880     
   1.4932825906013880     
   8101.0652938079875     
  -2.4818657798285173     
  -1.0706003375541997     
   0.0000000000000000     
   0.0000000000000000     
   0.0000000000000000     
  -1.2209985945425852     
  -2.5000000000000000     
   52469.461784492618     
   42854.295947034661     
  -4292.5963743662869     
  -88555.184591280427     
  -2.2206676114879276     
  -6.2201779199390650     
  -4.6987413253501789     
  -7.1084352292938986     
   3.1863158509821901     
  -14.093141069288182     
  -3.0601710327851857     
   1158.2328230965168     
   0.0000000000000000     
   5184.6394688609562     
   6397.7584532183901     
   6044.0576629074640     
   6290.2465855570845     
   11691.514444481865     
   1870.9826580960835     
   2579.5267318910010     
  0.10350676635322204     
  -7.7072464750548061E-002
   0.0000000000000000     
 -0.45465089440898399     
  -6.7676749881022957E-002
 -0.12275965455492863     
 -0.12853451634815286     
 -0.21486406633573585     
   1.1269812369770524E-002
  -1.5895410423779783     
  -2.1644027444189473E-002
   0.0000000000000000     
  -4.9450211442622530E-002
   2.6019325346143322E-002
   8.5410795440145293E-002
   7.2237445885422802E-002
   1.0871149043874859E-002
 -0.37912495172008265     
 -0.14909064617788625     
  -9.0048975433940082E-003
  -3.1935230673685006E-002
  -6.2693423438412804E-002
 -0.32505079911507673     
   0.0000000000000000     
  -1.9871731828460080     
  -1.4899035210169833     
  0.99808841930137415     
  0.84883631469661402     
 -0.39906344719076264     
  0.15116368530338539     
   9.2501723345519036     
   9.1692634760820066     
  -10755.818426516918     
  -2.3023273706067702     
 -0.74985132279003430     
 -0.59669551496666839     
   9.3775810288605808     
   8.5930946191073581     
  -10000.000000000000     
  -1.3041582631393727     
   1.0843956931569837E-002
 -0.73082149300293131     
   8.7980737230553405     
   9.0731181911622141     
  -10000.000000000000     
  -2.3023273706067702     
 -0.53925563859569092     
 -0.54896407086528209     
   10.161164024120019     
   8.4178365036463791     
  -10000.000000000000     
  -2.3023273706067702     
