   1.6638752499704577     
  -1.2382086501379939     
   5.9986302844832524     
  -102.60545553399632     
  0.50401542603464877     
 -0.20410170893527818     
   3.9786327028217547     
  -99.702562365911746     
   3.9591818155318528     
  0.95533418414064375     
   1.8395993664528736     
  -1.3196220375873919     
   1.4859679571026874     
  -18566.237210252337     
  -2.4370847544164089     
  -1.1588487772740017     
   0.0000000000000000     
   0.0000000000000000     
   0.0000000000000000     
  -1.2209985945425781     
  -2.5000000000000000     
   50429.620659833679     
   41096.259225583162     
  -3963.5250726731610     
  -75712.830386132031     
 -0.58725469233220018     
  -6.3966747993786157     
  -4.3208024444120010     
  -7.2849321087335026     
   3.0098189715426056     
  -13.755432588035839     
  -2.9894913706612369     
   2314.3211563362484     
   0.0000000000000000     
   4044.1166339223473     
   4990.3723365671358     
   6606.2666647608094     
   4906.5110507507306     
   9119.6019172882188     
   3335.6765179210943     
   3206.7554367406537     
   7.7032234437283520E-002
  -3.7544557504467405E-002
   0.0000000000000000     
 -0.48112542632492206     
  -9.4151281796960085E-002
 -0.14923418647086781     
  -5.3362880257217221E-002
 -0.18318413335480410     
  -1.5204719546167450E-002
  -1.4803796965642191     
  -6.5768247304085481E-002
   0.0000000000000000     
  -1.4749763848376632E-002
  -4.5520656979462434E-004
   8.5410795440145293E-002
   4.5762913969484786E-002
  -1.5603382872062851E-002
 -0.34124710545305559     
 -0.14021801772979303     
  -3.5479429459331607E-002
  -5.8409762589622632E-002
  -8.9167955354351375E-002
 -0.35152533103101546     
   0.0000000000000000     
  -1.8864196116509779     
  -1.5781519607367844     
  0.94297963210897029     
  0.93708475441640759     
 -0.16698498442636422     
   6.2915245583592461E-002
   9.2236978026359520     
   9.1427889441660763     
  -10314.576227917976     
  -4.0000000000000000     
 -0.51580703468315514     
 -0.68494395468645797     
   9.4166711687906410     
   8.5666200871914135     
  -10000.000000000000     
  -4.0000000000000000     
  0.13174074630642288     
 -0.45750266851806010     
   8.7715991911393747     
   9.0466436592462696     
  -10000.000000000000     
  -7.0000000000000000     
 -0.62750407831548005     
 -0.17434201898205554     
   10.134689492204110     
   8.4427901600885296     
  -10000.000000000000     
  -7.0000000000000000     
