 neval,hmin,hmean,hstd so far from pnmead are:
         545   148.11258714777375        150.36501088166131        1.4331263479648311     

 parameters that correspond to hminvalue so far are:
   1.1626523896195009     
  -1.8359161650983706     
   3.2114243986519511     
  -102.60545553399851     
   1.3597195877365618     
  0.32154356203625911     
   1.3029402898616425     
  -99.702562365912797     
   3.7307416969937890     
  -2.2433923653703558E-002
   2.2088888458804359     
  -1.0865772923027404     
   1.5304042941598355     
   6909.4898880412038     
   3449.6242010541037     
 -0.17833675207618260     
   0.0000000000000000     
   0.0000000000000000     
   0.0000000000000000     
  -1.2209985945425643     
  -2.5000000000000000     
   0.0000000000000000     
   0.0000000000000000     
   6107.2352741927043     
   520.45923121060378     
 -0.56723817048228509     
  -5.9103538691644477     
  -4.1290399044031112     
  -8.5106013736748984     
   6.6190672361189282     
  -14.889712085422534     
  -3.6030724592507548     
   8571.9085670650056     
   0.0000000000000000     
   11302.818562565750     
   1371.5832141040478     
   11090.775804679630     
  -3546.0206825236983     
   10627.636441072451     
   5305.2680423291004     
   5118.7990118413200     
   1.7475605134956267E-002
  0.18321007522373148     
   0.0000000000000000     
  0.11094466198230757     
 -0.24858665444345121     
  -9.2090296069541874E-002
  0.17994884598944783     
  0.10939667399260049     
   5.7046254236478786E-002
 -0.46886380901874380     
 -0.78863208315077538     
   0.0000000000000000     
   8.2856094417174606E-002
  -7.8499015394901173E-002
   0.0000000000000000     
   9.9559553921004018E-002
 -0.71155982833187803     
 -0.15216835459264910     
   4.0707601035888830E-002
   4.5154615146991949E-002
  -3.0014453934965157E-002
 -0.66845219795694932     
  -1.2114762985946461     
   7089.2810570083257     
  -1.0641503682725038     
  -1.2185473597723406     
  -2.2586238733421355     
  -2.3273488695983655     
 -0.38066440049657835     
 -0.32523776714924413     
   9.2147896956266724     
   8.6746010028833993     
  -15712.918485297210     
  -4.0000000000000000     
 -0.58906519062103380     
  -2.1799232883377577     
   9.2934640846249952     
   8.8636495213456676     
  -13333.433239367667     
  -4.0000000000000000     
  0.45462637838806108     
 -0.47561918713247509     
   8.8548976948929461     
   9.0779413727160332     
  -19825.116504764279     
  -7.0000000000000000     
 -0.78203457340200733     
 -0.70161321018208422     
   9.0336296920377404     
   8.7673186852908884     
  -19075.929311854779     
  -7.0000000000000000     
