   1.2559361464739389     
  -1.8464685221783046     
   2.6700304327877027     
  -102.60545553399930     
   1.4061183842023497     
  0.24525947855571351     
   1.2018455919704376     
  -99.702562365913025     
   3.7895453916825241     
   4.5597355838221595E-002
   2.2387008751619026     
  -1.7348141330204505     
   1.5304042941598421     
   7429.9755198423463     
   3613.2766675346707     
   9.7341546014543839E-002
   0.0000000000000000     
   0.0000000000000000     
   0.0000000000000000     
  -1.2209985945425643     
 -0.50000000000000000     
   0.0000000000000000     
   0.0000000000000000     
   6229.0222749504937     
   691.29005417619373     
   1.4327618295177194     
  -5.8224811241419641     
  -3.9970303278201236     
  -8.3374201070998666     
   6.7885189567038413     
  -14.876204809317951     
  -3.6489580682190899     
   6374.4167866329481     
   0.0000000000000000     
   7349.3617713741805     
   1948.8001325683299     
   13231.376818064766     
  -878.02527971486461     
   6068.2314742998460     
   3874.2559727973767     
   5330.1246888148862     
   1.5253333093142347E-002
  0.16792441158935925     
   3.3946578160301347E-002
  0.13555677611608336     
 -0.24858665444345376     
  -6.0527304892881925E-002
  0.18678165189331147     
  0.14095966516926056     
   8.8609245413138749E-002
 -0.45620323219807601     
 -0.75570129726567892     
   0.0000000000000000     
   6.1900480699874846E-002
  -7.1461646634587012E-002
  -6.7111626327564598E-003
  0.10912537070242409     
 -0.71155982833188181     
 -0.15784804046229578     
   4.5056443725378759E-002
   5.9166546993339425E-002
   4.2501312070454267E-003
 -0.65926121553795669     
  -1.1799133074179893     
   7180.8521961658189     
  -1.1161013664570700     
  -1.2531098026813408     
  -2.2106815151631292     
  -2.3530081064197153     
 -0.38066440049657591     
 -0.32523776714924257     
   9.2558614949731659     
   8.6301789402213700     
  -18790.657556553488     
  -4.0000000000000000     
 -0.60711169005624055     
  -2.1598272276518093     
   9.3017586835868187     
   8.8766292547857155     
  -19075.929311854721     
  -4.0000000000000000     
  0.35558918015845392     
 -0.37040921654360870     
   8.8678172174242391     
   9.0596665426778067     
  -19075.929311854721     
  -7.0000000000000000     
 -0.67682460281314061     
 -0.66086763427155037     
   9.0414127630053116     
   8.7988816764675484     
  -19075.929311854721     
  -7.0000000000000000     
