 neval,hmin,hmean,hstd so far from pnmead are:
         982   113.47247027022181        115.51401598533919       0.96743650818921656     

 parameters that correspond to hminvalue so far are:
   1.3795609773097803     
  -1.9587691926031798     
   3.1106663224278432     
  -102.60545553399839     
   1.1509295344356787     
  0.74653875662629288     
   1.3467236911546439     
  -99.702562365912598     
   3.6213845052357270     
  0.46393399616669967     
   2.1029346666456212     
  -1.3666389525136700     
   1.5304042941598461     
   7638.5005804623443     
   4255.0447833255330     
  -9.1801825172180204E-002
   0.0000000000000000     
   0.0000000000000000     
   0.0000000000000000     
  -1.2209985945425643     
 -0.50000000000000000     
   0.0000000000000000     
   0.0000000000000000     
   6394.4238028420859     
   382.03590975435696     
   1.4327618295177145     
  -6.1500547318349819     
  -3.9243852842558162     
  -8.6611803690888074     
   6.5073330918081407     
  -14.678191433578531     
  -3.9660630653989606     
   5599.9329653949953     
   0.0000000000000000     
   7041.8619432054475     
   2018.6977786351235     
   6948.4053403999023     
   7053.5760756849086     
   3740.8728980144833     
   4848.7660997746734     
   5515.4853000673156     
   1.1329294875895551E-002
  0.25047653486626520     
  -3.2464991681666902E-002
  0.14584616857164842     
 -0.24858665444344971     
 -0.14164788720189059     
  0.15277370040143598     
   8.9661063026307206E-002
   8.2257372877111143E-002
 -0.41529489451333684     
 -0.66003241639866184     
   0.0000000000000000     
  0.10432720872636264     
  -3.0369157179205908E-002
  -4.0612937909304953E-002
  0.13412381969940243     
 -0.71155982833186915     
 -0.11892059097096212     
  0.21472729491947035     
   3.3310287817496655E-002
   2.5046731839112974E-004
 -0.64249412222241808     
  -1.2486687191066874     
   6799.3509555162227     
  -1.0991083012791310     
  -1.0969577072423131     
  -2.1863606132155993     
  -2.0112937444105849     
 -0.38066440049657835     
 -0.32523776714925201     
   9.2112780560139900     
   8.7012706610822761     
  -17116.516629272104     
  -4.0000000000000000     
 -0.48073941187929908     
  -2.3830036482595509     
   9.3409406349658788     
   8.8318425588529728     
  -19075.929311854656     
  -4.0000000000000000     
  0.52566111588095366     
 -0.48679594768234846     
   8.8750975469207365     
   9.0831360642917556     
  -19075.929311854656     
  -7.0000000000000000     
 -0.78744548555273775     
 -0.59833423311261547     
   9.0658303365348143     
   8.7878366619509727     
  -19075.929311854656     
  -7.0000000000000000     
