   1.1112368419339667     
  -1.8800012434782265     
   3.4474474573769593     
  -102.60545553399891     
   1.3568738059250376     
  0.31499161207182153     
   1.4279573093253306     
  -99.702562365912740     
   3.5909855913511959     
  0.23490105313615400     
   2.3339058653441320     
  -1.0018203327783561     
   1.5304042941598355     
   6309.5536332310567     
   3100.2078074266069     
 -0.22097018232143306     
   0.0000000000000000     
   0.0000000000000000     
   0.0000000000000000     
  -1.2209985945425643     
 -0.50000000000000000     
   0.0000000000000000     
   0.0000000000000000     
   6363.9653424396092     
   513.53575202694219     
   1.4327618295177158     
  -5.7029535457288638     
  -4.7217368058053371     
  -8.7708001139751364     
   6.6850762539345601     
  -15.511619309842018     
  -3.5921728405785944     
   4292.8193695880618     
   0.0000000000000000     
   6311.5518515080821     
   1212.5710398252738     
   10973.539856911690     
  -1868.8770846813518     
   5363.0876217201949     
   2392.3829204034146     
   6047.4660410913011     
   5.3458108675285020E-002
  0.18088648352467818     
   1.4411550648377007E-003
  0.11692203843103907     
 -0.24858665444345227     
  0.11996449506552190     
  0.21745395182855407     
  0.12673009950384129     
   6.6070337322443801E-002
 -0.54766814806568220     
 -0.80305285258853110     
   0.0000000000000000     
  0.12036120025628126     
  -4.7147427993614696E-002
   3.7505105839106476E-002
  0.13402157032999615     
 -0.71155982833187847     
 -0.14014144626422481     
   3.6208814330366657E-002
   3.1581961223010366E-002
  0.12891073035252637     
 -0.47370482322798996     
  -1.2416245669935320     
   6857.3385433050553     
  -1.0888219229301292     
  -1.1775078370324001     
  -2.2107352940598193     
  -2.2924512590280108     
 -0.38066440049657757     
 -0.32523776714924346     
   9.2362608969165834     
   8.6709064471770940     
  -18021.439132171872     
  -4.0000000000000000     
 -0.51359113131563472     
  -2.1534182471090673     
   9.2742586605648984     
   8.8829998734337767     
  -19075.929311854779     
  -4.0000000000000000     
  0.57964339785174812     
 -0.45056120842806996     
   8.8450883693816227     
   9.0565715982798185     
  -19075.929311854779     
  -7.0000000000000000     
 -0.64307430947947908     
 -0.57659619071839396     
   9.0027911497109727     
   8.7049757287852447     
  -19075.929311854779     
  -7.0000000000000000     
