   1.4390295217468982     
  -1.9786485703747370     
   3.0874366419518120     
  -102.60545553399899     
   1.0944452696234110     
  0.72802441977736632     
   1.3490289847102905     
  -99.702562365912698     
   3.5975052386734636     
  0.47472577984875908     
   2.0681652935028803     
  -1.4588668329129240     
   1.5304042941598386     
   7766.4001666224030     
   3898.2375619664213     
  -8.8874163958966079E-002
   0.0000000000000000     
   0.0000000000000000     
   0.0000000000000000     
  -1.2209985945425643     
 -0.50000000000000000     
   0.0000000000000000     
   0.0000000000000000     
   6495.9909922109928     
   262.70703592087341     
   1.4327618295177131     
  -6.2124466734508710     
  -3.8660344289051727     
  -8.6779320217837856     
   6.4846959560882045     
  -14.634083034552217     
  -3.9021650710376958     
   5655.1603383097035     
   0.0000000000000000     
   6215.3845196079055     
   1995.3990991838982     
   6468.6145771929541     
   7091.4246285508852     
   2250.0489683960932     
   4589.4264710927946     
   5575.4875845715706     
   1.1049375171733582E-002
  0.25438871743280056     
  -3.3479128848775609E-002
  0.15096791010286181     
 -0.24858665444345107     
 -0.14461739947154589     
  0.13941300084184663     
   8.0452948201624380E-002
   9.1574525728976855E-002
 -0.41680551564397628     
 -0.65365778867972213     
   0.0000000000000000     
   8.4565302693614425E-002
  -3.9305482075270307E-002
  -4.6966461566136819E-002
  0.14314342983464140     
 -0.71155982833187092     
 -0.11408075740658258     
  0.26949276558584101     
   3.2878166401791524E-002
   1.5249631232977456E-003
 -0.63017026747322946     
  -1.2554054177351210     
   6653.6117733119190     
  -1.1224880760913436     
  -1.0561886826261340     
  -2.1903491020198205     
  -1.9872923400432752     
 -0.38066440049657679     
 -0.32523776714924801     
   9.2142721490164234     
   8.7038015157527440     
  -16657.008681093295     
  -4.0000000000000000     
 -0.45626701126842301     
  -2.4611753958428566     
   9.3599458388386783     
   8.8320443930830983     
  -19075.929311854754     
  -4.0000000000000000     
  0.56372375996941293     
 -0.49309467665477591     
   8.8793295616077810     
   9.0786488778634915     
  -19075.929311854754     
  -7.0000000000000000     
 -0.77275245440267137     
 -0.59188950076923363     
   9.0739123874369980     
   8.7962304962876736     
  -19075.929311854754     
  -7.0000000000000000     
