 neval,hmin,hmean,hstd so far from pnmead are:
         323   7.9877993350159393        8.1239771375272039       0.11950110741354864     

 parameters that correspond to hminvalue so far are:
   1.1045681293643794     
  -1.8780617035609315     
   3.2468401079756757     
  -102.60545553399896     
  0.90331109436850054     
  0.35022223522983764     
   1.3610245501167626     
  -99.702562365912939     
   3.6366759289439639     
   8.5556839582585753E-002
   2.2669731061355618     
  -1.0480162653201428     
   1.5304042941598381     
   6934.6873573686444     
   3305.8658190301367     
 -0.16077862655852820     
   0.0000000000000000     
   0.0000000000000000     
   0.0000000000000000     
  -1.2209985945425643     
 -0.50000000000000000     
   0.0000000000000000     
   0.0000000000000000     
   6284.6023957454345     
   404.29071070035968     
   1.4327618295177171     
  -5.8458108672799298     
  -4.3895056951723088     
  -8.5375986381276832     
   6.7031661897198092     
  -14.997605030313853     
  -3.5449881989956582     
   8282.2859306025020     
   0.0000000000000000     
   11053.635348273463     
   1486.0158528062975     
   12757.412563682312     
  -3083.8909992175959     
   8205.0223180475532     
   4506.4151263870353     
   6308.0856278311094     
   3.4900883211492734E-002
  0.20019279890237326     
   1.7425278076536453E-002
  0.12836994005884347     
 -0.24858665444345221     
 -0.10409106766203587     
  0.19737412406598348     
  0.11748146282041456     
   7.4471532313014968E-002
 -0.47478772477246911     
 -0.78557275750351252     
   0.0000000000000000     
  0.10028137249371137     
  -6.5360037078251887E-002
   1.7425278076536453E-002
  0.11698483199754084     
 -0.71155982833188003     
 -0.14761593380732768     
   3.4735981647560754E-002
   4.1281698775022087E-002
  0.13741082414157116     
 -0.67312424755949096     
  -1.2242636300613960     
   6924.6152147817611     
  -1.1060166582510846     
  -1.2090912321244216     
  -2.2295817432145766     
  -2.3210232813755161     
 -0.38066440049657646     
 -0.32523776714924235     
   9.2198366984232099     
   8.6818319549071745     
  -18588.603339035035     
  -4.0000000000000000     
 -0.58917563774359349     
  -2.0962752446847537     
   9.2956212359741723     
   8.8810747994222332     
  -19075.929311854743     
  -4.0000000000000000     
  0.51271063864318067     
 -0.41753492687735627     
   8.8481134448971677     
   9.0803770038630276     
  -19075.929311854743     
  -7.0000000000000000     
 -0.74058596274729571     
 -0.64352894992696075     
   9.0272154778785474     
   8.7581662283870116     
  -19075.929311854743     
  -7.0000000000000000     
