 neval,hmin,hmean,hstd so far from pnmead are:
         599   743.14506976315351        787.82862881120548        15.019111649499015     

 parameters that correspond to hminvalue so far are:
   4.0396746470561826     
  -2.7329851312845839     
   2.7726813755903157     
  -102.60000000000019     
  0.72397656603458449     
  0.32870830894483150     
   1.2312615478841560     
  -99.699999999997871     
   5.1451159820185834     
  0.70870525076086355     
   3.1409900107901754     
  -2.1822147380033128     
   1.5400000000000098     
   7000.0000000000000     
   7000.0000000000000     
  -2.1481089753454814     
   0.0000000000000000     
   0.0000000000000000     
   0.0000000000000000     
  -1.2210000000000338     
  -2.0000000000000000     
   0.0000000000000000     
   0.0000000000000000     
   7000.0000000000000     
   354.60000000000105     
   1.5000000000000000     
  -5.0995604699666766     
  -7.5390371391488200     
  -8.0175261170959082     
   8.0225905546310976     
  -12.480563683656424     
  -3.9490000000000691     
   5362.0000000000000     
   0.0000000000000000     
   6393.0000000000000     
   2126.0000000000000     
   6450.0000000000000     
   6136.0000000000000     
   2928.0000000000000     
   4107.0000000000000     
   3756.0000000000000     
   6.3910368858162231E-002
  0.17683942051999610     
   6.6388218109527136E-002
   4.7493251106507067E-002
 -0.24859999999999954     
  0.26676104646437160     
  0.24133602997813453     
  0.16206526826228962     
   8.7130136253216056E-002
 -0.99170471003001592     
 -0.45625199496346114     
   0.0000000000000000     
  0.19044878895009162     
  0.15602741158410921     
  0.25012263430680359     
  0.25939935792749946     
 -0.71160000000000001     
  0.15647801398894587     
  0.44755715414132513     
  0.20742503066097576     
  -3.1651888893433844E-002
 -0.59270750700287944     
  -1.4470568369806081     
   7000.0000000000000     
  -2.1978357518032619     
  -1.1350482724754909     
  -2.1419999999999768     
  -1.9819999999999973     
 -0.38069999999999754     
 -0.32520000000000154     
   9.6134661827997707     
   8.3586540345401303     
  -16720.000000000000     
  -6.0000000000000000     
 -0.18259672693333051     
  -2.4012103577222104     
   8.7679474614905892     
   9.1747793316093826     
  -19690.000000000000     
  -6.0000000000000000     
  0.49849092832955300     
  -7.3054289740415057E-002
   8.9027835033614622     
   8.9163742265845869     
  -19440.000000000000     
  -6.0000000000000000     
 -0.22928711935032059     
 -0.22104462934593816     
   9.7448044430052061     
   9.0151492657169339     
  -18910.000000000000     
  -6.0000000000000000     
