   2.9890716951328797     
  -3.0665044335146465     
   4.4614058914205197     
  -102.59999999999974     
  0.42756767118463868     
   4.9588384478585323E-002
  0.93350245699135370     
  -99.699999999997530     
   4.8173657095906206     
   1.8836788474863613     
   3.1081824897607815     
  -1.9233202415716575     
   2.0014460639584466     
   7069.2910383636754     
   7000.0000000000000     
  -1.9543813192029917     
   0.0000000000000000     
   0.0000000000000000     
   0.0000000000000000     
  -1.2210000000000343     
  -2.6755214362256599     
   0.0000000000000000     
   0.0000000000000000     
   7000.0000000000000     
   499.03958606614094     
  -1.2787629689461952     
  -6.6988978171545508     
  -6.9671609309040949     
  -7.8937115160468103     
   9.3028187831742652     
  -5.5889434913003129     
  -3.9490000000000691     
   4722.7975515598537     
   0.0000000000000000     
   8154.6049111712182     
   2492.2988017048565     
   5818.7123565127749     
   12149.024248791442     
   2995.5123829890908     
   3799.9879848069604     
   4216.1397097209738     
   6.1200653568222269E-002
  0.11639166195715146     
   5.9219227211107853E-002
  0.21074478100373545     
 -0.24859999999999832     
  0.21849417586407691     
  0.17388338020686145     
  0.22704089502620844     
  0.12961998184715184     
  -1.0305853577732598     
  -1.1258798283744720     
   0.0000000000000000     
   5.9875832060382911E-002
   4.6929772305086478E-002
  0.10812574593866398     
  0.15233976038790187     
 -0.71159999999998713     
  0.22072111091219798     
  0.27998699257308945     
  0.10758877383183955     
  0.16223664626706402     
 -0.50186509299280491     
  -1.4596585349071551     
   7000.0000000000000     
  -1.8862994377855542     
  -1.6374572364032915     
  -2.2140140825011132     
  -2.1989705494702583     
 -0.38069999999999904     
 -0.32520000000000426     
   9.6121341667788123     
   8.4565929909787361     
  -15893.028549521725     
  -5.0897991316736757     
 -0.46885943795609336     
  -2.4770554289901376     
   8.9754541444130318     
   9.1455020131513791     
  -19690.000000000000     
  -6.0000000000000000     
  0.46025560171886382     
  -1.8331714877780320E-002
   8.9637430587696905     
   8.9674616222955219     
  -19440.000000000000     
  -6.0000000000000000     
  -1.3054018157644482     
 -0.86900045916950752     
   9.7682165545707083     
   9.4301318808952530     
  -18910.000000000000     
  -6.0000000000000000     
