   3.1135614483168794     
  -2.9363779853526748     
   3.2112644341939243     
  -102.60000000000051     
   9.9199230545873623E-002
  0.13006059941493570     
   1.3045459937152930     
  -99.699999999997999     
   4.5129837268052064     
  0.36453268915632364     
   3.2661804208943890     
  -3.1033901710010579     
   1.5400000000000009     
   6451.6078529689703     
   7000.0000000000000     
  -2.0673510933926145     
   0.0000000000000000     
   0.0000000000000000     
   0.0000000000000000     
  -1.2210000000000307     
  -2.0939693930206458     
   0.0000000000000000     
   0.0000000000000000     
   7000.0000000000000     
   690.50900981826169     
  -1.4981236695509772     
  -4.0605455934096986     
  -7.2412334757997252     
  -8.0409127937954619     
   7.3344354911269605     
  -13.068013125891220     
  -3.9490000000000691     
   5362.0000000000000     
   0.0000000000000000     
   6393.0000000000000     
   2126.0000000000000     
   6450.0000000000000     
   6136.0000000000000     
   2928.0000000000000     
   4107.0000000000000     
   3756.0000000000000     
  -8.7161455545092525E-003
  0.11319585859595108     
   7.5161984510734775E-002
   9.4341301696963087E-002
 -0.24859999999999965     
  0.11890831426821746     
  0.10956436876080836     
   7.8778893238095629E-002
   1.2268239540685960E-002
 -0.88534045870745093     
 -0.76799000215991142     
   0.0000000000000000     
  -1.8548854910489979E-002
  0.19320897492954797     
  0.14959081730395762     
  0.22499215376648768     
 -0.71159999999999690     
  0.11025225965333321     
  0.26261717353781883     
  0.14593986820935967     
   9.7081120709629515E-002
 -0.41545731176041811     
  -1.5421820854371304     
   7000.0000000000000     
  -1.2389999999999939     
  -1.2229249514586615     
  -2.1419999999999884     
  -1.9819999999999995     
 -0.38069999999999737     
 -0.32520000000000426     
   9.2629818228904650     
   8.4867182454187038     
  -16827.503328881183     
  -5.6143841996602841     
 -0.32031727411400351     
  -2.2771502777973449     
   8.7078062058682804     
   9.1515855019534147     
  -19690.000000000000     
  -6.0000000000000000     
  0.51822873008387393     
   3.5542693208151510E-002
   8.8748612413894179     
   9.0797644240940620     
  -19440.000000000000     
  -6.0000000000000000     
   4.1935614584936040E-002
 -0.27201069731281047     
   9.7559466984943999     
   8.9231323885552865     
  -18910.000000000000     
  -6.0000000000000000     
