   1.1090841667154092     
  -2.4115242956144383     
   3.0630319403550139     
  -102.60000000000051     
   1.4710394590603504     
  0.63370379926877241     
   2.3372603013327322     
  -99.699999999999378     
   3.6313684177215149     
   1.2942225298918151     
   3.7720235162315126     
  -2.3818874313905405     
   1.5400000000000045     
   7000.0000000000000     
   7000.0000000000000     
  -1.8078932972170145     
   0.0000000000000000     
   0.0000000000000000     
   0.0000000000000000     
  -1.2210000000000099     
  -2.0000000000000000     
   0.0000000000000000     
   0.0000000000000000     
   7000.0000000000000     
   354.60000000000025     
   1.5000000000000000     
  -5.7641584028165536     
  -3.6628491344118683     
  -9.2924427763612858     
   5.8298792003512077     
  -13.768960548447790     
  -3.9490000000000283     
   5362.0000000000000     
   0.0000000000000000     
   6393.0000000000000     
   2126.0000000000000     
   6450.0000000000000     
   6136.0000000000000     
   2928.0000000000000     
   4107.0000000000000     
   3756.0000000000000     
  -1.2275812100779132E-002
  -1.3703452945806882E-003
  -1.3929092888432838E-002
  0.12630486823303907     
 -0.24859999999999938     
  -9.2350366879871915E-002
  0.15562929210920787     
  0.17396794908559840     
  0.11338536438760209     
 -0.37161423230520491     
 -0.46486055795953640     
   0.0000000000000000     
   7.4023236393436637E-002
  -4.2005727589846754E-002
  -1.1924225085123807E-002
  0.17785717516068861     
 -0.71160000000000068     
  -5.3108691629751334E-002
  0.28367499507861876     
  0.12639794908559870     
  -3.0726827828575151E-002
 -0.59825658789864067     
  -1.1643795897671776     
   7000.0000000000000     
  -1.2389999999999917     
  -1.1589999999999974     
  -2.1419999999999955     
  -1.9819999999999987     
 -0.38069999999999898     
 -0.32520000000000165     
   9.3391145261704267     
   8.8367497844236187     
  -16720.000000000000     
  -6.0000000000000000     
 -0.20169865331213926     
  -2.6596908873008265     
   9.4509134887537094     
   8.7848206198938712     
  -19690.000000000000     
  -6.0000000000000000     
  0.57943300998172220     
  -6.3025360759204341E-002
   8.9776872452148933     
   9.1351869906914072     
  -19440.000000000000     
  -6.0000000000000000     
 -0.85859889771778519     
 -0.32127221333266975     
   9.1082535562387008     
   8.7682743004574615     
  -18910.000000000000     
  -6.0000000000000000     
