   1.      emp,cur,m                   1199.79             1199.79        1.3150        1.3150        0.7685        0.7685
   1.      emp,cur,m                   1199.79             1199.79        1.3150        1.3150        0.7685        0.7685
   1.      emp,cur,m                   1199.79             1300.11        1.3150       -0.6850        0.7685        0.3100
   2.      emp,cur,m                   1199.79             1185.53       -2.1020       -4.1020        0.0252        0.0035
   3.      emp,of,m                    1199.79             1229.32        3.0110        1.0110        0.9531        0.7332
   5.      emp,cur,f                   1199.79             1312.42        1.0610       -0.9390        0.4635        0.1047
   6.      emp,cur,f                   1199.79             1170.34        0.8518       -1.1482        0.3760        0.0754
   7.      emp,of,f                    1199.79             1308.52        1.4080       -0.5920        0.8035        0.3562
   9.      u,cur,m                     1199.79             1301.53        3.5520        1.5520        0.9721        0.8252
  10.      u,of,m                      1199.79             1304.78        0.4588       -1.5412        0.6127        0.1764
  11.      u,cur,f                     1199.79             1289.15        2.1570        0.1570        0.8963        0.5392
  12.      u,of,f                      1199.79             1222.56       -1.9510       -3.9510        0.1244        0.0189
  16.      p(ex=2|ex=1),e              1199.79             1108.69       -2.0000       -1.0000        0.1192        0.2689
  27.      alphaed(m,ned)              1199.79             1209.97       -5.9650       -0.9650       25.6047     2758.7823
  28.      alphaed(f,ned)              1199.79             1449.59       -3.6180        1.3820      261.3493     7993.1202
  29.      alphaed(m,ed)               1199.79             1199.96       -8.6320       -3.6320        1.7828      257.8096
  30.      alphaed(f,ed)               1199.79             1199.90        6.4130       11.4130     9983.6259     9999.8895
  31.      alphakid(m)                 1199.79             1199.79      -14.3900       -9.3900        0.0056        0.8355
  42.      alf10                       1199.79             1178.01        0.0111        0.3110        0.0111        0.3110
  43.      alf10                       1199.79             1220.24        0.2544        0.5544        0.2544        0.5544
  44.      alf10                       1199.79             1162.70       -0.0335        0.2665       -0.0335        0.2665
  45.      alf10                       1199.79             1182.78        0.1510        0.4510        0.1510        0.4510
  47.      alf10                       1199.79             1147.61       -0.1446        0.1554       -0.1446        0.1554
  48.      alf10                       1199.79             1185.57        0.1394        0.4394        0.1394        0.4394
  49.      alf10                       1199.79             1173.33        0.0804        0.3804        0.0804        0.3804
  50.      alf10                       1199.79             1174.18        0.0916        0.3916        0.0916        0.3916
  51.      alf11                       1199.79             1196.20       -0.4503        0.0497        0.3893        0.5124
  52.      alf12                       1199.79             1261.72       -0.5000        0.0000        0.3775        0.5000
  54.      alf20                       1199.79             1190.50        0.0846        0.3846        0.0846        0.3846
  55.      alf20                       1199.79             1180.16       -0.0393        0.2607       -0.0393        0.2607
  56.      alf20                       1199.79             1148.70       -0.0470        0.2530       -0.0470        0.2530
  57.      alf20                       1199.79             1210.89        0.1431        0.4431        0.1431        0.4431
  59.      alf20                       1199.79             1156.03       -0.1141        0.1859       -0.1141        0.1859
  60.      alf20                       1199.79             1185.18        0.2695        0.5695        0.2695        0.5695
  61.      alf20                       1199.79             1171.67        0.0329        0.3329        0.0329        0.3329
  62.      alf20                       1199.79             1159.55        0.0015        0.3015        0.0015        0.3015
  63.      alf21                       1199.79             1189.55       -0.6074       -0.3074        0.3527        0.4237
  64.      alf22                       1199.79             1207.37       -1.2290       -0.9290        0.2264        0.2831
  66.      sig_wge                     1199.79             1791.19       -1.2390       -0.2390        0.2246        0.4405
  67.      sig_wge                     1199.79             1629.96       -1.1590       -0.1590        0.2388        0.4603
  72.      alf1t                       1199.79             1122.66        9.2040        9.6040        9.2040        9.6040
  73.      alf2t                       1199.79             1130.23        8.7200        9.1200        8.7200        9.1200
  76.      ptypehs                     1199.79             1166.27       -0.4288        0.5712        0.1641        0.3480
  77.      ptypecol                    1199.79             1199.38       -2.3810       -1.3810        0.0399        0.1016
  78.      alf1t                       1199.79             1143.60        9.3540        9.7540        9.3540        9.7540
  79.      alf2t                       1199.79             1145.94        8.8080        9.2080        8.8080        9.2080
  82.      ptypehs                     1199.79             1306.36        0.5846        1.5846        0.4522        0.6917
  83.      ptypecol                    1199.79             1193.47       -0.3693        0.6307        0.2986        0.5365
  84.      alf1t                       1199.79             1155.88        8.8650        9.2650        8.8650        9.2650
  85.      alf2t                       1199.79             1219.09        9.0570        9.4570        9.0570        9.4570
  88.      ptypehs                     1199.79             1220.91       -0.6489        0.3511        0.1317        0.2919
  89.      ptypecol                    1199.79             1209.55       -0.6332        0.3668        0.2294        0.4472
  90.      alf1t                       1199.79             1139.93        9.0760        9.4760        9.0760        9.4760
  91.      alf2t                       1199.79             1140.92        8.7770        9.1770        8.7770        9.1770
  66.      sig_wge                     1199.79             1145.94       -1.2390       -2.2390        0.2246        0.0963
  66.      sig_wge                     1199.79             1190.25       -1.2390       -4.2390        0.2246        0.0142
  52.      alf12                       1199.79             1139.30       -0.5000       -0.9993        0.3775        0.2691
  52.      alf12                       1199.79             1206.72       -0.5000       -1.9985        0.3775        0.1194
  64.      alf22                       1199.79             1132.94       -1.2290       -1.5281        0.2264        0.1783
  64.      alf22                       1199.79             1097.97       -1.2290       -2.1272        0.2264        0.1065
  55.      alf20                       1199.79             1178.26       -0.0393       -0.3374       -0.0393       -0.3374
  55.      alf20                       1199.79             1390.12       -0.0393       -0.9356       -0.0393       -0.9356
  31.      alphakid(m)                 1199.79             1119.93      -14.3900      -14.1581        0.0056        0.0071
  31.      alphakid(m)                 1199.79             1071.52      -14.3900      -13.9261        0.0056        0.0090
   5.      emp,cur,f                   1199.79             1127.65        1.0610        3.0380        0.4635        0.8699
   5.      emp,cur,f                   1199.79             1245.55        1.0610        7.0150        0.4635        0.9974
   3.      emp,of,m                    1199.79             1107.02        3.0110        4.9842        0.9531        0.9932
   3.      emp,of,m                    1199.79             1059.84        3.0110        8.9573        0.9531        0.9999
  61.      alf20                       1199.79             1152.66        0.0329       -0.2619        0.0329       -0.2619
  61.      alf20                       1199.79             1305.30        0.0329       -0.8567        0.0329       -0.8567
  73.      alf2t                       1199.79             1252.50        8.7200        8.3278        8.7200        8.3278
  73.      alf2t                       1199.79             1597.17        8.7200        7.5356        8.7200        7.5356
  27.      alphaed(m,ned)              1199.79             1107.10       -5.9650      -10.8561       25.6047        0.1929
  27.      alphaed(m,ned)              1199.79             1051.40       -5.9650      -20.7472       25.6047        0.0000
  67.      sig_wge                     1199.79             1161.04       -1.1590       -2.1326        0.2388        0.1060
  31.      alphakid(m)                 1199.79             1095.38      -14.3900      -19.2454        0.0056        0.0000
  31.      alphakid(m)                 1199.79             1027.88      -14.3900      -29.1009        0.0056        0.0000
   2.      emp,cur,m                   1199.79             1261.17       -2.1020       -0.1702        0.0252        0.1665
  27.      alphaed(m,ned)              1199.79             1111.92       -5.9650       -6.8000       25.6047       11.1252
  27.      alphaed(m,ned)              1199.79             1545.05       -5.9650       -7.9251       25.6047        3.6142
   6.      emp,cur,f                   1199.79             1237.79        0.8518        2.7813        0.3760        0.7968
  27.      alphaed(m,ned)              1199.79             1182.52       -5.9650       -6.5643       25.6047       14.0789
  27.      alphaed(m,ned)              1199.79             1480.29       -5.9650       -7.1635       25.6047        7.7373
  28.      alphaed(f,ned)              1199.79             1088.10       -3.6180       -8.4129      261.3493        2.2193
  28.      alphaed(f,ned)              1199.79             1031.63       -3.6180      -18.2079      261.3493        0.0001
  28.      alphaed(f,ned)              1199.79             1141.40       -3.6180       -4.3715      261.3493      124.7524
  28.      alphaed(f,ned)              1199.79             1690.68       -3.6180       -5.5076      261.3493       40.3955
  27.      alphaed(m,ned)              1199.79             1144.36       -5.9650       -6.9040       25.6047       10.0272
  27.      alphaed(m,ned)              1199.79             1553.35       -5.9650       -8.1224       25.6047        2.9673
  27.      alphaed(m,ned)              1199.79             1142.24       -5.9650       -6.6608       25.6047       12.7845
  27.      alphaed(m,ned)              1199.79             1286.96       -5.9650       -7.3567       25.6047        6.3792
  27.      alphaed(m,ned)              1199.79             1105.28       -5.9650       -6.6876       25.6047       12.4473
  27.      alphaed(m,ned)              1199.79             1202.45       -5.9650       -7.4102       25.6047        6.0470
  27.      alphaed(m,ned)              1199.79             1084.83       -5.9650       -6.7154       25.6047       12.1066
  27.      alphaed(m,ned)              1199.79             1053.15       -5.9650       -7.4658       25.6047        5.7202
  27.      alphaed(m,ned)              1199.79             1131.18       -5.9650       -6.7731       25.6047       11.4283
  27.      alphaed(m,ned)              1199.79             1209.82       -5.9650       -7.5812       25.6047        5.0969
  27.      alphaed(m,ned)              1199.79             1413.69       -5.9650       -6.8042       25.6047       11.0790
  27.      alphaed(m,ned)              1199.79             2885.10       -5.9650       -7.6434       25.6047        4.7898
  27.      alphaed(m,ned)              1199.79             1087.34       -5.9650       -6.8365       25.6047       10.7275
  27.      alphaed(m,ned)              1199.79             1053.75       -5.9650       -7.7079       25.6047        4.4905
  29.      alphaed(m,ed)               1199.79             1076.21       -8.6320      -13.2734        1.7828        0.0172
  29.      alphaed(m,ed)               1199.79             1036.72       -8.6320      -22.9148        1.7828        0.0000
   2.      emp,cur,m                   1199.79             1147.62       -2.1020       -4.0692        0.0252        0.0039
   2.      emp,cur,m                   1199.79             1242.18       -2.1020       -7.9682        0.0252        0.0001
  27.      alphaed(m,ned)              1199.79             2008.01       -5.9650        8.3764       25.6047     9997.6983
  10.      u,of,m                      1199.79             1052.74        0.4588        2.3105        0.6127        0.9097
  10.      u,of,m                      1199.79             1004.20        0.4588        6.1622        0.6127        0.9979
  27.      alphaed(m,ned)              1199.79             1039.24       -5.9650      -20.7386       25.6047        0.0000
  27.      alphaed(m,ned)              1199.79             1173.69       -5.9650      -49.8537       25.6047        0.0000
  27.      alphaed(m,ned)              1199.79             1148.57       -5.9650       -6.9654       25.6047        9.4309
  27.      alphaed(m,ned)              1199.79             1350.72       -5.9650       -7.9658       25.6047        3.4701
   2.      emp,cur,m                   1199.79             1247.31       -2.1020       -0.1825        0.0252        0.1678
  29.      alphaed(m,ed)               1199.79             1123.66       -8.6320       -9.3677        1.7828        0.8543
  29.      alphaed(m,ed)               1199.79             2244.10       -8.6320      -10.5960        1.7828        0.2502
  27.      alphaed(m,ned)              1199.79             1632.31       -5.9650       -7.1804       25.6047        7.6077
   9.      u,cur,m                     1199.79             1038.48        3.5520        5.3640        0.9721        0.9953
   9.      u,cur,m                     1199.79             1015.46        3.5520        9.1761        0.9721        0.9999
  27.      alphaed(m,ned)              1199.79             1039.96       -5.9650       -7.1171       25.6047        8.1042
  88.      ptypehs                     1199.79             1050.42       -0.6489       -3.4406        0.1317        0.0075
  27.      alphaed(m,ned)              1199.79             1382.81       -5.9650       -6.9849       25.6047        9.2486
  31.      alphakid(m)                 1199.79             1257.35      -14.3900       -0.2414        0.0056     4399.4465
  11.      u,cur,f                     1199.79             1051.91        2.1570        3.9406        0.8963        0.9809
  11.      u,cur,f                     1199.79             1055.25        2.1570        7.7242        0.8963        0.9996
  27.      alphaed(m,ned)              1199.79             1053.10       -5.9650       -7.2128       25.6047        7.3655
  83.      ptypecol                    1199.79             1054.57       -0.3693       -3.1416        0.2986        0.0229
  27.      alphaed(m,ned)              1199.79             1124.44       -5.9650       -7.2608       25.6047        7.0206
  27.      alphaed(m,ned)              1199.79             1408.37       -5.9650       -8.5566       25.6047        1.9224
  31.      alphakid(m)                 1199.79             1128.78      -14.3900      -13.2312        0.0056        0.0179
  31.      alphakid(m)                 1199.79             1284.85      -14.3900      -10.9369        0.0056        0.1779
   1.      emp,cur,m                   1199.79             1019.48        1.3150        3.0650        0.7685        0.9499
   1.      emp,cur,m                   1199.79             1033.93        1.3150        6.8150        0.7685        0.9988
  27.      alphaed(m,ned)              1199.79             1029.43       -5.9650       -7.3172       25.6047        6.6360
  89.      ptypecol                    1199.79             1051.21       -0.6332       -3.3706        0.2294        0.0174
  27.      alphaed(m,ned)              1199.79             1041.31       -5.9650       -7.3692       25.6047        6.2999
  27.      alphaed(m,ned)              1199.79             1125.98       -5.9650       -8.7734       25.6047        1.5478
  27.      alphaed(m,ned)              1199.79             1034.31       -5.9650       -7.4232       25.6047        5.9689
  27.      alphaed(m,ned)              1199.79             1146.46       -5.9650       -8.8814       25.6047        1.3893
  27.      alphaed(m,ned)              1199.79             1154.25       -5.9650       -7.4793       25.6047        5.6435
  27.      alphaed(m,ned)              1199.79             1024.69       -5.9650       -7.5375       25.6047        5.3244
  27.      alphaed(m,ned)              1199.79             1060.77       -5.9650       -9.1100       25.6047        1.1054
  27.      alphaed(m,ned)              1199.79             1187.05       -5.9650       -8.0287       25.6047        3.2586
  27.      alphaed(m,ned)              1199.79             1049.34       -5.9650       -7.6933       25.6047        4.5565
  12.      u,of,f                      1199.79             1372.01       -1.9510        3.3773        0.1244        0.9670
  27.      alphaed(m,ned)              1199.79             1129.28       -5.9650       -7.7598       25.6047        4.2636
   2.      emp,cur,m                   1199.79             1074.82       -2.1020       -3.9951        0.0252        0.0040
  28.      alphaed(f,ned)              1199.79             1519.83       -3.6180       -5.5216      261.3493       39.8369
  27.      alphaed(m,ned)              1199.79             1081.09       -5.9650       -7.8947       25.6047        3.7259
  27.      alphaed(m,ned)              1199.79             1057.07       -5.9650       -8.2008       25.6047        2.7436
  27.      alphaed(m,ned)              1199.79             1360.10       -5.9650      -10.6599       25.6047        0.2347
  67.      sig_wge                     1199.79             1143.67       -1.1590       -2.1370        0.2388        0.1056
  28.      alphaed(f,ned)              1199.79             1175.75       -3.6180       -3.3146      261.3493      350.7276
  27.      alphaed(m,ned)              1199.79             1620.27       -5.9650       -3.2220       25.6047      383.4715
  72.      alf1t                       1199.79             1088.88        9.2040        9.6104        9.2040        9.6104
   3.      emp,of,m                    1199.79             2359.12        3.0110       -2.2873        0.9531        0.0922
   3.      emp,of,m                    1199.79             1167.35        3.0110        0.5239        0.9531        0.6281
  27.      alphaed(m,ned)              1199.79             1222.10       -5.9650       -7.9807       25.6047        3.4187
  27.      alphaed(m,ned)              1199.79             1064.83       -5.9650       -7.0194       25.6047        8.9358
  31.      alphakid(m)                 1199.79             1378.75      -14.3900      -11.4157        0.0056        0.1102
   1.      emp,cur,m                   1199.79             1225.47        1.3150       -0.7254        0.7685        0.3036
   1.      emp,cur,m                   1199.79             1526.10        1.3150       -4.5157        0.7685        0.0099
  29.      alphaed(m,ed)               1199.79             1078.35       -8.6320       -9.7799        1.7828        0.5658
  28.      alphaed(f,ned)              1199.79             1093.40       -3.6180       -5.4486      261.3493       42.8377
  28.      alphaed(f,ned)              1199.79             1171.53       -3.6180       -7.3548      261.3493        6.3912
  27.      alphaed(m,ned)              1199.79             1007.29       -5.9650       -8.0529       25.6047        3.1807
   7.      emp,of,f                    1199.79             1070.26        1.4080        6.6023        0.8035        0.9986
  30.      alphaed(f,ed)               1199.79              993.95        6.4130        2.4663     9983.6259     9217.4571
  30.      alphaed(f,ed)               1199.79             1081.32        6.4130       -6.4804     9983.6259       15.3087
  27.      alphaed(m,ned)              1199.79             1789.73       -5.9650        7.1252       25.6047     9991.9609
  27.      alphaed(m,ned)              1199.79             1106.52       -5.9650        0.1593       25.6047     5397.3027
  28.      alphaed(f,ned)              1199.79             1024.24       -3.6180       -5.2216      261.3493       53.6992
  29.      alphaed(m,ed)               1199.79             1210.62       -8.6320      -11.7216        1.7828        0.0812
  27.      alphaed(m,ned)              1199.79             1058.50       -5.9650       -7.3643       25.6047        6.3308
  27.      alphaed(m,ned)              1199.79             1332.60       -5.9650       -8.7157       25.6047        1.6396
  28.      alphaed(f,ned)              1199.79             1545.34       -3.6180       -5.6218      261.3493       36.0514
  31.      alphakid(m)                 1199.79             1128.78      -14.3900      -13.2312        0.0056        0.0179
  31.      alphakid(m)                 1199.79             1453.11      -14.3900      -11.2415        0.0056        0.1312
  28.      alphaed(f,ned)              1199.79             1007.03       -3.6180       -5.7421      261.3493       31.9787
  28.      alphaed(f,ned)              1199.79             1069.48       -3.6180       -7.8661      261.3493        3.8337
   1.      emp,cur,m                   1199.79              997.67        1.3150        2.9979        0.7685        0.9467
   1.      emp,cur,m                   1199.79             1031.27        1.3150        6.7211        0.7685        0.9986
  28.      alphaed(f,ned)              1199.79             1106.41       -3.6180       -6.1149      261.3493       22.0476
  31.      alphakid(m)                 1199.79              983.68      -14.3900      -28.6921        0.0056        0.0000
  31.      alphakid(m)                 1199.79             1176.75      -14.3900      -57.1429        0.0056        0.0000
  31.      alphakid(m)                 1199.79             1300.13      -14.3900      -16.1905        0.0056        0.0009
  28.      alphaed(f,ned)              1199.79             1095.98       -3.6180       -5.5368      261.3493       39.2362
  72.      alf1t                       1199.79             1088.88        9.2040        9.6104        9.2040        9.6104
  31.      alphakid(m)                 1199.79             1139.63      -14.3900      -15.5903        0.0056        0.0017
  28.      alphaed(f,ned)              1199.79              996.40       -3.6180       -5.8576      261.3493       28.5001
  28.      alphaed(f,ned)              1199.79             1182.88       -3.6180       -8.0972      261.3493        3.0431
  64.      alf22                       1199.79             1051.03       -1.2290       -2.1439        0.2264        0.1049
  27.      alphaed(m,ned)              1199.79             1092.45       -5.9650       -2.9718       25.6047      487.1647
  31.      alphakid(m)                 1199.79             1163.17      -14.3900      -15.3868        0.0056        0.0021
  28.      alphaed(f,ned)              1199.79             1020.56       -3.6180       -4.7886      261.3493       82.5567
  31.      alphakid(m)                 1199.79             1422.05      -14.3900      -16.2435        0.0056        0.0009
  31.      alphakid(m)                 1199.79             1112.57      -14.3900      -15.4681        0.0056        0.0019
  27.      alphaed(m,ned)              1199.79             2332.47       -5.9650       -2.9063       25.6047      518.4310
  28.      alphaed(f,ned)              1199.79             1058.79       -3.6180       -4.7902      261.3493       82.4194
  83.      ptypecol                    1199.79             1124.54       -0.3693        2.5641        0.2986        0.8963
  29.      alphaed(m,ed)               1199.79             1142.53       -8.6320      -10.7197        1.7828        0.2211
  27.      alphaed(m,ned)              1199.79             1122.64       -5.9650       -7.0319       25.6047        8.8243
  27.      alphaed(m,ned)              1199.79             1470.24       -5.9650       -7.9607       25.6047        3.4880
  27.      alphaed(m,ned)              1199.79             1058.01       -5.9650       -7.1618       25.6047        7.7508
  83.      ptypecol                    1199.79             1129.58       -0.3693       -3.1749        0.2986        0.0219
  28.      alphaed(f,ned)              1199.79             1049.77       -3.6180       -6.1904      261.3493       20.4491
  28.      alphaed(f,ned)              1199.79             1094.88       -3.6180       -4.7623      261.3493       84.7383
  31.      alphakid(m)                 1199.79             1824.75      -14.3900      -16.4627        0.0056        0.0007
  28.      alphaed(f,ned)              1199.79             1017.12       -3.6180       -5.9219      261.3493       26.7293
  28.      alphaed(f,ned)              1199.79             1323.29       -3.6180       -8.2258      261.3493        2.6758
  28.      alphaed(f,ned)              1199.79             1053.81       -3.6180       -6.2179      261.3493       19.8946
  28.      alphaed(f,ned)              1199.79             1475.36       -3.6180       -9.0175      261.3493        1.2125
  28.      alphaed(f,ned)              1199.79             1033.79       -3.6180       -6.5999      261.3493       13.5867
  28.      alphaed(f,ned)              1199.79             1032.65       -3.6180      -10.0456      261.3493        0.4337
  29.      alphaed(m,ed)               1199.79             1057.36       -8.6320      -10.2284        1.7828        0.3613
  28.      alphaed(f,ned)              1199.79              980.02       -3.6180       -6.3941      261.3493       16.6854
  28.      alphaed(f,ned)              1199.79             1270.75       -3.6180       -9.1703      261.3493        1.0408
  28.      alphaed(f,ned)              1199.79              986.24       -3.6180       -6.8160      261.3493       10.9495
  28.      alphaed(f,ned)              1199.79             1285.89       -3.6180      -10.3173      261.3493        0.3306
  28.      alphaed(f,ned)              1199.79             1005.24       -3.6180       -6.6356      261.3493       13.1110
  28.      alphaed(f,ned)              1199.79             1385.76       -3.6180       -9.6532      261.3493        0.6422
  28.      alphaed(f,ned)              1199.79             1015.09       -3.6180       -5.2636      261.3493       51.4992
  16.      p(ex=2|ex=1),e              1199.79             1172.84       -2.0000        0.8273        0.1192        0.6958
  28.      alphaed(f,ned)              1199.79             1000.12       -3.6180       -6.7598      261.3493       11.5809
  28.      alphaed(f,ned)              1199.79             1425.99       -3.6180       -9.9016      261.3493        0.5009
  28.      alphaed(f,ned)              1199.79              988.08       -3.6180       -6.8807      261.3493       10.2641
  28.      alphaed(f,ned)              1199.79             1403.62       -3.6180      -10.1433      261.3493        0.3934
  28.      alphaed(f,ned)              1199.79              971.91       -3.6180       -6.4791      261.3493       15.3291
  29.      alphaed(m,ed)               1199.79             1072.25       -8.6320      -13.9951        1.7828        0.0084
   3.      emp,of,m                    1199.79              973.41        3.0110        6.3465        0.9531        0.9983
   3.      emp,of,m                    1199.79             1011.72        3.0110       12.1692        0.9531        1.0000
  28.      alphaed(f,ned)              1199.79              968.91       -3.6180       -7.1148      261.3493        8.1233
  28.      alphaed(f,ned)              1199.79             1351.00       -3.6180      -10.6116      261.3493        0.2463
  28.      alphaed(f,ned)              1199.79              985.71       -3.6180       -6.7780      261.3493       11.3729
  28.      alphaed(f,ned)              1199.79             1876.58       -3.6180       -9.4841      261.3493        0.7605
  28.      alphaed(f,ned)              1199.79              962.53       -3.6180       -7.3534      261.3493        6.4002
  28.      alphaed(f,ned)              1199.79             1240.39       -3.6180      -11.0887      261.3493        0.1528
  28.      alphaed(f,ned)              1199.79              944.20       -3.6180       -7.3815      261.3493        6.2226
  28.      alphaed(f,ned)              1199.79             1186.41       -3.6180      -11.0338      261.3493        0.1615
  28.      alphaed(f,ned)              1199.79             1020.60       -3.6180       -6.2046      261.3493       20.1607
  12.      u,of,f                      1199.79             1112.58       -1.9510       -7.6972        0.1244        0.0005
  28.      alphaed(f,ned)              1199.79             1285.25       -3.6180       -7.8681      261.3493        3.8262
  28.      alphaed(f,ned)              1199.79             1048.77       -3.6180       -6.7612      261.3493       11.5647
  28.      alphaed(f,ned)              1199.79             1503.65       -3.6180       -7.6913      261.3493        4.5655
  28.      alphaed(f,ned)              1199.79             1099.06       -3.6180       -6.7020      261.3493       12.2698
  28.      alphaed(f,ned)              1199.79              983.58       -3.6180       -7.2094      261.3493        7.3904
  28.      alphaed(f,ned)              1199.79             1034.59       -3.6180       -6.9280      261.3493        9.7898
  28.      alphaed(f,ned)              1199.79             1001.49       -3.6180       -7.7254      261.3493        4.4126
  31.      alphakid(m)                 1199.79             1039.49      -14.3900      -17.4192        0.0056        0.0003
  28.      alphaed(f,ned)              1199.79             1018.24       -3.6180       -8.3021      261.3493        2.4793
  28.      alphaed(f,ned)              1199.79              983.32       -3.6180       -5.7824      261.3493       30.7191
  28.      alphaed(f,ned)              1199.79             1070.43       -3.6180       -5.3469      261.3493       47.4052
  28.      alphaed(f,ned)              1199.79              996.27       -3.6180       -5.2629      261.3493       51.5334
  66.      sig_wge                     1199.79             1176.94       -1.2390       -2.7465        0.2246        0.0603
  28.      alphaed(f,ned)              1199.79             1008.28       -3.6180       -5.1461      261.3493       57.8858
  31.      alphakid(m)                 1199.79             1063.79      -14.3900      -16.6647        0.0056        0.0006
  28.      alphaed(f,ned)              1199.79              943.92       -3.6180       -7.3168      261.3493        6.6387
  28.      alphaed(f,ned)              1199.79              999.26       -3.6180      -10.0358      261.3493        0.4380
  28.      alphaed(f,ned)              1199.79              978.96       -3.6180       -7.2505      261.3493        7.0930
  28.      alphaed(f,ned)              1199.79             1318.99       -3.6180       -9.7388      261.3493        0.5895
   9.      u,cur,m                     1199.79             1295.56        3.5520       -1.3616        0.9721        0.2040
   9.      u,cur,m                     1199.79             1015.46        3.5520        9.1761        0.9721        0.9999
  28.      alphaed(f,ned)              1199.79             1000.42       -3.6180       -6.9735      261.3493        9.3551
   9.      u,cur,m                     1199.79             1299.75        3.5520       -1.3398        0.9721        0.2075
  28.      alphaed(f,ned)              1199.79             1104.99       -3.6180       -6.5580      261.3493       14.1667
  28.      alphaed(f,ned)              1199.79             1003.49       -3.6180       -8.1028      261.3493        3.0261
  28.      alphaed(f,ned)              1199.79             1019.02       -3.6180       -8.8124      261.3493        1.4885
  27.      alphaed(m,ned)              1199.79             1085.74       -5.9650       -3.9887       25.6047      181.8770
  28.      alphaed(f,ned)              1199.79             1063.79       -3.6180       -8.1701      261.3493        2.8292
  28.      alphaed(f,ned)              1199.79              934.44       -3.6180       -7.8441      261.3493        3.9192
  28.      alphaed(f,ned)              1199.79             1847.35       -3.6180      -11.0816      261.3493        0.1539
  27.      alphaed(m,ned)              1199.79              986.17       -5.9650      -14.5181       25.6047        0.0050
  27.      alphaed(m,ned)              1199.79             1464.75       -5.9650      -29.1955       25.6047        0.0000
  28.      alphaed(f,ned)              1199.79             1090.74       -3.6180       -7.5052      261.3493        5.4994
  28.      alphaed(f,ned)              1199.79             1010.64       -3.6180      -10.4853      261.3493        0.2794
  28.      alphaed(f,ned)              1199.79             1051.07       -3.6180       -5.4321      261.3493       43.5476
  28.      alphaed(f,ned)              1199.79              946.47       -3.6180       -8.2734      261.3493        2.5515
  28.      alphaed(f,ned)              1199.79             1046.06       -3.6180      -11.8545      261.3493        0.0711
  28.      alphaed(f,ned)              1199.79             1054.72       -3.6180       -7.3075      261.3493        6.7004
  28.      alphaed(f,ned)              1199.79             1069.83       -3.6180       -7.6908      261.3493        4.5682
   9.      u,cur,m                     1199.79              975.40        3.5520        6.6431        0.9721        0.9987
  28.      alphaed(f,ned)              1199.79              988.09       -3.6180       -5.4099      261.3493       44.5220
  28.      alphaed(f,ned)              1199.79             1078.55       -3.6180       -9.0347      261.3493        1.1918
  31.      alphakid(m)                 1199.79             1065.49      -14.3900      -16.8702        0.0056        0.0005
  28.      alphaed(f,ned)              1199.79             1082.75       -3.6180       -7.8818      261.3493        3.7741
  64.      alf22                       1199.79             1034.08       -1.2290       -2.1563        0.2264        0.1037
  76.      ptypehs                     1199.79             1095.17       -0.4288        0.6171        0.1641        0.3577
  28.      alphaed(f,ned)              1199.79             1019.02       -3.6180       -8.8124      261.3493        1.4885
  28.      alphaed(f,ned)              1199.79              950.27       -3.6180       -8.6524      261.3493        1.7468
  29.      alphaed(m,ed)               1199.79             1034.43       -8.6320      -19.0033        1.7828        0.0001
  28.      alphaed(f,ned)              1199.79             1051.72       -3.6180       -7.3745      261.3493        6.2666
  28.      alphaed(f,ned)              1199.79              987.25       -3.6180       -6.9902      261.3493        9.2000
  31.      alphakid(m)                 1199.79             1077.95      -14.3900      -16.1060        0.0056        0.0010
  28.      alphaed(f,ned)              1199.79             1002.55       -3.6180       -6.6176      261.3493       13.3489
  28.      alphaed(f,ned)              1199.79             1059.08       -3.6180       -8.1694      261.3493        2.8311
  27.      alphaed(m,ned)              1199.79             1063.13       -5.9650       -4.1612       25.6047      153.4979
  28.      alphaed(f,ned)              1199.79             1028.12       -3.6180       -7.9821      261.3493        3.4140
  28.      alphaed(f,ned)              1199.79             1005.98       -3.6180      -10.5944      261.3493        0.2506
  28.      alphaed(f,ned)              1199.79              983.80       -3.6180       -8.9779      261.3493        1.2615
  28.      alphaed(f,ned)              1199.79             1029.51       -3.6180       -5.2850      261.3493       50.4133
  31.      alphakid(m)                 1199.79             1063.84      -14.3900      -16.3127        0.0056        0.0008
  28.      alphaed(f,ned)              1199.79             1059.08       -3.6180       -8.1694      261.3493        2.8311
  28.      alphaed(f,ned)              1199.79              998.36       -3.6180       -9.0455      261.3493        1.1791
  28.      alphaed(f,ned)              1199.79             1064.72       -3.6180       -5.7776      261.3493       30.8646
  28.      alphaed(f,ned)              1199.79             1052.62       -3.6180       -9.5280      261.3493        0.7278
  28.      alphaed(f,ned)              1199.79             1039.55       -3.6180       -8.4458      261.3493        2.1475
  31.      alphakid(m)                 1199.79             1041.27      -14.3900      -16.4937        0.0056        0.0007
  28.      alphaed(f,ned)              1199.79              943.61       -3.6180       -8.9808      261.3493        1.2579
  28.      alphaed(f,ned)              1199.79             1567.42       -3.6180      -13.0237      261.3493        0.0221
  28.      alphaed(f,ned)              1199.79             1044.52       -3.6180       -7.8356      261.3493        3.9525
  28.      alphaed(f,ned)              1199.79             1057.90       -3.6180       -5.0041      261.3493       66.6570
  28.      alphaed(f,ned)              1199.79             1056.08       -3.6180       -6.0375      261.3493       23.8179
  28.      alphaed(f,ned)              1199.79             1054.29       -3.6180       -8.1662      261.3493        2.8403
  28.      alphaed(f,ned)              1199.79              984.90       -3.6180       -6.2129      261.3493       19.9946
  28.      alphaed(f,ned)              1199.79              995.35       -3.6180       -8.9460      261.3493        1.3024
  28.      alphaed(f,ned)              1199.79             1046.80       -3.6180       -5.5235      261.3493       39.7579
  64.      alf22                       1199.79             1025.47       -1.2290       -2.1522        0.2264        0.1041
  28.      alphaed(f,ned)              1199.79             1012.80       -3.6180       -8.4919      261.3493        2.0507
  28.      alphaed(f,ned)              1199.79             1084.23       -3.6180       -8.1037      261.3493        3.0232
  28.      alphaed(f,ned)              1199.79             1064.72       -3.6180       -5.7776      261.3493       30.8646
  28.      alphaed(f,ned)              1199.79             1084.23       -3.6180       -8.1037      261.3493        3.0232
  28.      alphaed(f,ned)              1199.79             1064.72       -3.6180       -5.7776      261.3493       30.8646
  28.      alphaed(f,ned)              1199.79             1050.59       -3.6180       -7.8339      261.3493        3.9593
  28.      alphaed(f,ned)              1199.79             1059.87       -3.6180       -6.5146      261.3493       14.7950
  28.      alphaed(f,ned)              1199.79             1089.00       -3.6180       -8.1398      261.3493        2.9162
  28.      alphaed(f,ned)              1199.79              974.62       -3.6180       -7.5492      261.3493        5.2624
  28.      alphaed(f,ned)              1199.79             1032.75       -3.6180       -8.4718      261.3493        2.0925
  28.      alphaed(f,ned)              1199.79             1061.73       -3.6180       -6.1860      261.3493       20.5387
  28.      alphaed(f,ned)              1199.79             1050.59       -3.6180       -7.8339      261.3493        3.9593
  28.      alphaed(f,ned)              1199.79             1044.38       -3.6180       -7.5560      261.3493        5.2268
  29.      alphaed(m,ed)               1199.79              974.60       -8.6320      -12.5396        1.7828        0.0358
  29.      alphaed(m,ed)               1199.79             1051.87       -8.6320      -10.5950        1.7828        0.2504
  28.      alphaed(f,ned)              1199.79             1048.77       -3.6180       -6.1237      261.3493       21.8553
  28.      alphaed(f,ned)              1199.79             1004.30       -3.6180       -7.7499      261.3493        4.3061
  28.      alphaed(f,ned)              1199.79             1033.28       -3.6180       -5.7723      261.3493       31.0294
  28.      alphaed(f,ned)              1199.79              995.41       -3.6180       -5.8714      261.3493       28.1113
  28.      alphaed(f,ned)              1199.79             1030.57       -3.6180       -8.2922      261.3493        2.5041
  29.      alphaed(m,ed)               1199.79             1051.87       -8.6320      -10.5950        1.7828        0.2504
  28.      alphaed(f,ned)              1199.79             1010.18       -3.6180       -9.1190      261.3493        1.0955
  28.      alphaed(f,ned)              1199.79             1043.34       -3.6180       -7.8871      261.3493        3.7543
  28.      alphaed(f,ned)              1199.79              931.54       -3.6180       -9.7103      261.3493        0.6065
  28.      alphaed(f,ned)              1199.79             1023.18       -3.6180      -14.9872      261.3493        0.0031
  27.      alphaed(m,ned)              1199.79             1032.81       -5.9650       -7.5502       25.6047        5.2572
  28.      alphaed(f,ned)              1199.79             1023.79       -3.6180       -6.5138      261.3493       14.8057
  28.      alphaed(f,ned)              1199.79             1021.00       -3.6180       -8.5333      261.3493        1.9677
  28.      alphaed(f,ned)              1199.79             1045.58       -3.6180       -6.2438      261.3493       19.3860
  28.      alphaed(f,ned)              1199.79             1034.35       -3.6180       -9.1296      261.3493        1.0840
  28.      alphaed(f,ned)              1199.79             1109.75       -3.6180       -6.1137      261.3493       22.0754
  28.      alphaed(f,ned)              1199.79             1004.17       -3.6180       -6.6109      261.3493       13.4376
  28.      alphaed(f,ned)              1199.79             1038.38       -3.6180       -7.9867      261.3493        3.3984
  28.      alphaed(f,ned)              1199.79             1067.60       -3.6180       -8.5434      261.3493        1.9479
  28.      alphaed(f,ned)              1199.79              987.31       -3.6180       -7.8506      261.3493        3.8935
  28.      alphaed(f,ned)              1199.79             1048.92       -3.6180       -6.3238      261.3493       17.8994
  28.      alphaed(f,ned)              1199.79             1006.86       -3.6180       -5.7351      261.3493       32.2003
  28.      alphaed(f,ned)              1199.79             1034.65       -3.6180       -7.8807      261.3493        3.7784
  28.      alphaed(f,ned)              1199.79             1037.18       -3.6180       -5.3562      261.3493       46.9662
  27.      alphaed(m,ned)              1199.79             1043.31       -5.9650       -7.5460       25.6047        5.2796
  28.      alphaed(f,ned)              1199.79             1044.17       -3.6180       -6.0279      261.3493       24.0466
  28.      alphaed(f,ned)              1199.79              994.78       -3.6180       -7.2684      261.3493        6.9677
  28.      alphaed(f,ned)              1199.79             1054.22       -3.6180       -9.0834      261.3493        1.1352
  28.      alphaed(f,ned)              1199.79              935.69       -3.6180       -7.0849      261.3493        8.3694
   1.      emp,cur,m                   1199.79              941.42        1.3150        6.5057        0.7685        0.9983
  27.      alphaed(m,ned)              1199.79             1041.65       -5.9650       -7.5709       25.6047        5.1495
  28.      alphaed(f,ned)              1199.79             1058.63       -3.6180       -9.7176      261.3493        0.6021
  29.      alphaed(m,ed)               1199.79              934.07       -8.6320        1.4142        1.7828     8044.2578
  29.      alphaed(m,ed)               1199.79              961.56       -8.6320       25.7432        1.7828    10000.0000
  64.      alf22                       1199.79             1018.31       -1.2290       -2.1527        0.2264        0.1041
  28.      alphaed(f,ned)              1199.79              964.01       -3.6180       -7.3339      261.3493        6.5262
  28.      alphaed(f,ned)              1199.79             1028.33       -3.6180       -8.1160      261.3493        2.9864
  28.      alphaed(f,ned)              1199.79             1039.65       -3.6180       -9.3695      261.3493        0.8528
  27.      alphaed(m,ned)              1199.79             1041.65       -5.9650       -7.5709       25.6047        5.1495
  28.      alphaed(f,ned)              1199.79             1039.65       -3.6180       -9.3695      261.3493        0.8528
  28.      alphaed(f,ned)              1199.79             1021.23       -3.6180       -9.0658      261.3493        1.1553
  27.      alphaed(m,ned)              1199.79             1031.45       -5.9650       -7.6132       25.6047        4.9365
  28.      alphaed(f,ned)              1199.79              991.62       -3.6180       -9.1382      261.3493        1.0747
  28.      alphaed(f,ned)              1199.79             1046.95       -3.6180       -9.5185      261.3493        0.7347
  28.      alphaed(f,ned)              1199.79              968.29       -3.6180       -8.3991      261.3493        2.2502
  28.      alphaed(f,ned)              1199.79             1050.17       -3.6180       -6.4543      261.3493       15.7128
  28.      alphaed(f,ned)              1199.79              981.71       -3.6180       -6.8697      261.3493       10.3770
  28.      alphaed(f,ned)              1199.79              925.15       -3.6180       -9.7799      261.3493        0.5657
  28.      alphaed(f,ned)              1199.79             1024.87       -3.6180      -14.6924      261.3493        0.0042
  28.      alphaed(f,ned)              1199.79             1945.60       -3.6180        3.8847      261.3493     9798.6062
  29.      alphaed(m,ed)               1199.79              935.20       -8.6320      -11.9915        1.7828        0.0620
  28.      alphaed(f,ned)              1199.79             1072.61       -3.6180       -9.7501      261.3493        0.5829
  28.      alphaed(f,ned)              1199.79              968.57       -3.6180       -8.4287      261.3493        2.1847
  28.      alphaed(f,ned)              1199.79              998.30       -3.6180       -9.1162      261.3493        1.0986
  28.      alphaed(f,ned)              1199.79             1008.71       -3.6180       -5.8269      261.3493       29.3845
  28.      alphaed(f,ned)              1199.79             1002.15       -3.6180       -7.8199      261.3493        4.0149
  29.      alphaed(m,ed)               1199.79             1002.69       -8.6320      -10.5865        1.7828        0.2525
  28.      alphaed(f,ned)              1199.79             1007.28       -3.6180       -8.4356      261.3493        2.1696
  28.      alphaed(f,ned)              1199.79             1014.62       -3.6180       -8.6312      261.3493        1.7841
  28.      alphaed(f,ned)              1199.79              954.87       -3.6180       -8.5487      261.3493        1.9376
  28.      alphaed(f,ned)              1199.79             1010.36       -3.6180       -6.0394      261.3493       23.7744
  28.      alphaed(f,ned)              1199.79              998.73       -3.6180       -5.7440      261.3493       31.9169
  28.      alphaed(f,ned)              1199.79             1010.78       -3.6180       -8.3245      261.3493        2.4243
  28.      alphaed(f,ned)              1199.79             1025.66       -3.6180       -5.2172      261.3493       53.9314
  28.      alphaed(f,ned)              1199.79              968.73       -3.6180       -6.1920      261.3493       20.4161
