   1.      emp,cur,m                   1868.22             1868.22        1.3150        1.3150        0.7685        0.7685
   1.      emp,cur,m                   1868.22             1868.22        1.3150        1.3150        0.7685        0.7685
   1.      emp,cur,m                   1868.22             1799.18        1.3150       -0.6850        0.7685        0.3100
   2.      emp,cur,m                   1868.22             1842.02       -2.1020       -4.1020        0.0252        0.0035
   3.      emp,of,m                    1868.22             2013.05        3.0110        1.0110        0.9531        0.7332
   5.      emp,cur,f                   1868.22             1890.21        1.0610       -0.9390        0.4635        0.1047
   6.      emp,cur,f                   1868.22             1904.86        0.8518       -1.1482        0.3760        0.0754
   7.      emp,of,f                    1868.22             1969.92        1.4080       -0.5920        0.8035        0.3562
   9.      u,cur,m                     1868.22             1924.71        3.5520        1.5520        0.9721        0.8252
  10.      u,of,m                      1868.22             2029.67        0.4588       -1.5412        0.6127        0.1764
  11.      u,cur,f                     1868.22             1935.97        2.1570        0.1570        0.8963        0.5392
  12.      u,of,f                      1868.22             1894.57       -1.9510       -3.9510        0.1244        0.0189
  16.      p(ex=2|ex=1),e              1868.22             2396.21       -2.0000       -1.0000        0.1192        0.2689
  27.      alphaed(m,ned)              1868.22             1883.82       -5.9650       -0.9650       25.6047     2758.7823
  28.      alphaed(f,ned)              1868.22             2207.80       -3.6180        1.3820      261.3493     7993.1202
  29.      alphaed(m,ed)               1868.22             1868.19       -8.6320       -3.6320        1.7828      257.8096
  30.      alphaed(f,ed)               1868.22             1867.99        6.4130       11.4130     9983.6259     9999.8895
  31.      alphakid(m)                 1868.22             1868.22      -14.3900       -9.3900        0.0056        0.8355
  42.      alf10                       1868.22             2004.40        0.0111        0.3110        0.0111        0.3110
  43.      alf10                       1868.22             2116.68        0.2544        0.5544        0.2544        0.5544
  44.      alf10                       1868.22             1959.76       -0.0335        0.2665       -0.0335        0.2665
  45.      alf10                       1868.22             2081.44        0.1510        0.4510        0.1510        0.4510
  47.      alf10                       1868.22             1843.54       -0.1446        0.1554       -0.1446        0.1554
  48.      alf10                       1868.22             2076.38        0.1394        0.4394        0.1394        0.4394
  49.      alf10                       1868.22             2035.22        0.0804        0.3804        0.0804        0.3804
  50.      alf10                       1868.22             2029.82        0.0916        0.3916        0.0916        0.3916
  51.      alf11                       1868.22             1881.96       -0.4503        0.0497        0.3893        0.5124
  52.      alf12                       1868.22             2342.61       -0.5000        0.0000        0.3775        0.5000
  54.      alf20                       1868.22             1898.64        0.0846        0.3846        0.0846        0.3846
  55.      alf20                       1868.22             1859.42       -0.0393        0.2607       -0.0393        0.2607
  56.      alf20                       1868.22             1837.28       -0.0470        0.2530       -0.0470        0.2530
  57.      alf20                       1868.22             1904.43        0.1431        0.4431        0.1431        0.4431
  59.      alf20                       1868.22             1839.98       -0.1141        0.1859       -0.1141        0.1859
  60.      alf20                       1868.22             1898.07        0.2695        0.5695        0.2695        0.5695
  61.      alf20                       1868.22             1871.32        0.0329        0.3329        0.0329        0.3329
  62.      alf20                       1868.22             1847.39        0.0015        0.3015        0.0015        0.3015
  63.      alf21                       1868.22             1862.04       -0.6074       -0.3074        0.3527        0.4237
  64.      alf22                       1868.22             1921.00       -1.2290       -0.9290        0.2264        0.2831
  72.      alf1t                       1868.22             2082.37        9.2040        9.6040        9.2040        9.6040
  73.      alf2t                       1868.22             1865.59        8.7200        9.1200        8.7200        9.1200
  76.      ptypehs                     1868.22             2000.81       -0.4288        0.5712        0.1641        0.3480
  77.      ptypecol                    1868.22             1873.15       -2.3810       -1.3810        0.0399        0.1016
  78.      alf1t                       1868.22             1938.43        9.3540        9.7540        9.3540        9.7540
  79.      alf2t                       1868.22             1849.52        8.8080        9.2080        8.8080        9.2080
  82.      ptypehs                     1868.22             1830.81        0.5846        1.5846        0.4522        0.6917
  83.      ptypecol                    1868.22             1860.39       -0.3693        0.6307        0.2986        0.5365
  84.      alf1t                       1868.22             2435.02        8.8650        9.2650        8.8650        9.2650
  85.      alf2t                       1868.22             2025.84        9.0570        9.4570        9.0570        9.4570
  88.      ptypehs                     1868.22             1892.75       -0.6489        0.3511        0.1317        0.2919
  89.      ptypecol                    1868.22             1881.57       -0.6332        0.3668        0.2294        0.4472
  90.      alf1t                       1868.22             1965.16        9.0760        9.4760        9.0760        9.4760
  91.      alf2t                       1868.22             1844.36        8.7770        9.1770        8.7770        9.1770
  45.      alf10                       1868.22             1940.57        0.1510       -0.1490        0.1510       -0.1490
  45.      alf10                       1868.22             2339.37        0.1510       -0.7490        0.1510       -0.7490
  16.      p(ex=2|ex=1),e              1868.22             1831.67       -2.0000       -2.9984        0.1192        0.0475
  16.      p(ex=2|ex=1),e              1868.22             2795.03       -2.0000       -4.9968        0.1192        0.0067
  43.      alf10                       1868.22             1886.43        0.2544       -0.0446        0.2544       -0.0446
  43.      alf10                       1868.22             2149.30        0.2544       -0.6436        0.2544       -0.6436
   3.      emp,of,m                    1868.22             1830.83        3.0110        5.0010        0.9531        0.9933
   3.      emp,of,m                    1868.22             1861.46        3.0110        8.9910        0.9531        0.9999
  72.      alf1t                       1868.22             1796.12        9.2040        8.8067        9.2040        8.8067
  72.      alf1t                       1868.22             1988.89        9.2040        8.0094        9.2040        8.0094
  12.      u,of,f                      1868.22             1893.04       -1.9510        0.0317        0.1244        0.5079
  12.      u,of,f                      1868.22             2044.86       -1.9510        4.0143        0.1244        0.9823
  54.      alf20                       1868.22             1892.11        0.0846       -0.2122        0.0846       -0.2122
  54.      alf20                       1868.22             2086.76        0.0846       -0.8091        0.0846       -0.8091
  42.      alf10                       1868.22             1897.95        0.0111       -0.2852        0.0111       -0.2852
  42.      alf10                       1868.22             2141.97        0.0111       -0.8814        0.0111       -0.8814
  50.      alf10                       1868.22             1913.24        0.0916       -0.2040        0.0916       -0.2040
  50.      alf10                       1868.22             2175.17        0.0916       -0.7996        0.0916       -0.7996
  28.      alphaed(f,ned)              1868.22             1880.07       -3.6180       -8.5333      261.3493        1.9676
  28.      alphaed(f,ned)              1868.22             1866.10       -3.6180      -18.4487      261.3493        0.0001
  28.      alphaed(f,ned)              1868.22             1920.43       -3.6180       -4.1266      261.3493      158.8192
  27.      alphaed(m,ned)              1868.22             1885.69       -5.9650      -10.8453       25.6047        0.1950
  27.      alphaed(m,ned)              1868.22             1874.21       -5.9650      -20.7255       25.6047        0.0000
   9.      u,cur,m                     1868.22             1886.24        3.5520        5.4939        0.9721        0.9959
   9.      u,cur,m                     1868.22             1886.99        3.5520        9.4358        0.9721        0.9999
  28.      alphaed(f,ned)              1868.22             1932.97       -3.6180       -4.2121      261.3493      145.9939
  28.      alphaed(f,ned)              1868.22             2051.33       -3.6180       -4.8061      261.3493       81.1303
  10.      u,of,m                      1868.22             1853.07        0.4588        2.3894        0.6127        0.9160
  10.      u,of,m                      1868.22             1824.61        0.4588        6.3200        0.6127        0.9982
  28.      alphaed(f,ned)              1868.22             1870.44       -3.6180       -4.2853      261.3493      135.8303
  51.      alf11                       1868.22             1839.10       -0.4503       -1.9096        0.3893        0.1290
  28.      alphaed(f,ned)              1868.22             1959.70       -3.6180       -4.3386      261.3493      128.8607
  28.      alphaed(f,ned)              1868.22             2253.58       -3.6180       -5.0593      261.3493       63.1008
  27.      alphaed(m,ned)              1868.22             1877.42       -5.9650       -6.9023       25.6047       10.0446
  27.      alphaed(m,ned)              1868.22             2669.08       -5.9650       -8.1470       25.6047        2.8951
  28.      alphaed(f,ned)              1868.22             1876.39       -3.6180       -4.3559      261.3493      126.6779
  28.      alphaed(f,ned)              1868.22             1836.91       -3.6180       -5.0939      261.3493       60.9673
  28.      alphaed(f,ned)              1868.22             1944.15       -3.6180       -4.4150      261.3493      119.5027
  28.      alphaed(f,ned)              1868.22             2177.40       -3.6180       -5.2120      261.3493       54.2144
   5.      emp,cur,f                   1868.22             2004.06        1.0610        2.9406        0.4635        0.8664
   5.      emp,cur,f                   1868.22             2289.18        1.0610        6.8202        0.4635        0.9972
  28.      alphaed(f,ned)              1868.22             1873.49       -3.6180       -4.4800      261.3493      112.0627
  28.      alphaed(f,ned)              1868.22             2130.32       -3.6180       -5.3420      261.3493       47.6337
  28.      alphaed(f,ned)              1868.22             1889.21       -3.6180       -4.5145      261.3493      108.3057
  28.      alphaed(f,ned)              1868.22             2172.03       -3.6180       -5.4110      261.3493       44.4736
  28.      alphaed(f,ned)              1868.22             1541.09       -3.6180       -4.5504      261.3493      104.5305
  28.      alphaed(f,ned)              1868.22             1305.70       -3.6180       -5.4827      261.3493       41.4085
  28.      alphaed(f,ned)              1868.22             1833.49       -3.6180       -4.6249      261.3493       97.0904
  28.      alphaed(f,ned)              1868.22             2064.32       -3.6180       -5.6319      261.3493       35.6904
  28.      alphaed(f,ned)              1868.22             1973.58       -3.6180       -4.9499      261.3493       70.3442
   5.      emp,cur,f                   1868.22             1821.56        1.0610       -0.9420        0.4635        0.1074
  28.      alphaed(f,ned)              1868.22             1864.01       -3.6180       -4.7063      261.3493       89.5751
  28.      alphaed(f,ned)              1868.22             1736.29       -3.6180       -4.7498      261.3493       85.7922
  76.      ptypehs                     1868.22             1706.19       -0.4288       -3.2506        0.1641        0.0096
  28.      alphaed(f,ned)              1868.22             3173.38       -3.6180       10.5836      261.3493     9999.7467
  28.      alphaed(f,ned)              1868.22             1866.10       -3.6180      -18.4487      261.3493        0.0001
  28.      alphaed(f,ned)              1868.22             2161.43       -3.6180      -47.4809      261.3493        0.0000
  59.      alf20                       1868.22             1842.47       -0.1141        0.1845       -0.1141        0.1845
  27.      alphaed(m,ned)              1868.22             1804.91       -5.9650       -6.4254       25.6047       16.1734
  73.      alf2t                       1868.22             2911.48        8.7200        9.8951        8.7200        9.8951
  28.      alphaed(f,ned)              1868.22             1869.58       -3.6180       -5.0695      261.3493       62.4606
  28.      alphaed(f,ned)              1868.22             2903.15       -3.6180       -6.7843      261.3493       11.3016
  28.      alphaed(f,ned)              1868.22             3165.68       -3.6180       10.5595      261.3493     9999.7405
  28.      alphaed(f,ned)              1868.22             3103.75       -3.6180        3.3074      261.3493     9646.8340
  28.      alphaed(f,ned)              1868.22             1861.01       -3.6180      -11.1966      261.3493        0.1372
  28.      alphaed(f,ned)              1868.22             1935.82       -3.6180      -25.7007      261.3493        0.0000
  10.      u,of,m                      1868.22             2290.85        0.4588       -5.2781        0.6127        0.0051
  27.      alphaed(m,ned)              1868.22             2040.83       -5.9650       -7.0883       25.6047        8.3416
   6.      emp,cur,f                   1868.22             1806.26        0.8518        2.6686        0.3760        0.8129
   6.      emp,cur,f                   1868.22             1776.25        0.8518        6.4853        0.3760        0.9957
  27.      alphaed(m,ned)              1868.22             1908.99       -5.9650       -7.4346       25.6047        5.9009
  27.      alphaed(m,ned)              1868.22             2289.38       -5.9650       -7.5097       25.6047        5.4742
  27.      alphaed(m,ned)              1868.22             2002.47       -5.9650       -6.5528       25.6047       14.2409
  10.      u,of,m                      1868.22             3326.05        0.4588       -0.4993        0.6127        0.3777
  11.      u,cur,f                     1868.22             1781.82        2.1570        3.9483        0.8963        0.9811
  11.      u,cur,f                     1868.22             1707.38        2.1570        7.7397        0.8963        0.9996
  27.      alphaed(m,ned)              1868.22             1756.37       -5.9650       -7.4671       25.6047        5.7124
  27.      alphaed(m,ned)              1868.22             2013.47       -5.9650       -8.9693       25.6047        1.2725
   2.      emp,cur,m                   1868.22             1922.03       -2.1020       -0.3462        0.0252        0.1607
  16.      p(ex=2|ex=1),e              1868.22             1848.50       -2.0000       -3.0021        0.1192        0.0473
  16.      p(ex=2|ex=1),e              1868.22             2786.70       -2.0000       -4.9083        0.1192        0.0073
  85.      alf2t                       1868.22             1975.54        9.0570        9.4586        9.0570        9.4586
  27.      alphaed(m,ned)              1868.22             1755.02       -5.9650       -7.4995       25.6047        5.5304
  27.      alphaed(m,ned)              1868.22             1835.24       -5.9650       -6.5351       25.6047       14.4952
  27.      alphaed(m,ned)              1868.22             1779.82       -5.9650       -7.5443       25.6047        5.2886
  27.      alphaed(m,ned)              1868.22             3288.17       -5.9650       -9.1235       25.6047        1.0906
  27.      alphaed(m,ned)              1868.22             1732.92       -5.9650       -7.6074       25.6047        4.9650
  10.      u,of,m                      1868.22             1852.37        0.4588       -0.1767        0.6127        0.4559
  31.      alphakid(m)                 1868.22             1896.60      -14.3900      -14.0041        0.0056        0.0083
  27.      alphaed(m,ned)              1868.22             1932.26       -5.9650       -7.8314       25.6047        3.9691
  27.      alphaed(m,ned)              1868.22             1698.86       -5.9650       -7.6721       25.6047        4.6543
  27.      alphaed(m,ned)              1868.22             1672.43       -5.9650       -9.3792       25.6047        0.8446
  28.      alphaed(f,ned)              1868.22             1751.28       -3.6180       -4.7616      261.3493       84.7916
  28.      alphaed(f,ned)              1868.22             1946.53       -3.6180       -5.1070      261.3493       60.1786
  27.      alphaed(m,ned)              1868.22             1785.11       -5.9650       -7.2334       25.6047        7.2156
  28.      alphaed(f,ned)              1868.22             2179.26       -3.6180       -5.8755      261.3493       27.9954
  27.      alphaed(m,ned)              1868.22             1814.29       -5.9650       -8.1059       25.6047        3.0167
   3.      emp,of,m                    1868.22             3111.35        3.0110       -2.4777        0.9531        0.0774
  27.      alphaed(m,ned)              1868.22             1677.28       -5.9650       -7.9665       25.6047        3.4676
  10.      u,of,m                      1868.22             1840.65        0.4588       -0.1734        0.6127        0.4568
  27.      alphaed(m,ned)              1868.22             2403.65       -5.9650       -6.3735       25.6047       17.0332
  27.      alphaed(m,ned)              1868.22             1779.82       -5.9650       -7.5443       25.6047        5.2886
  27.      alphaed(m,ned)              1868.22             1852.37       -5.9650       -7.5371       25.6047        5.3264
   9.      u,cur,m                     1868.22             1742.17        3.5520        1.6975        0.9721        0.8452
  31.      alphakid(m)                 1868.22             1784.39      -14.3900      -13.9142        0.0056        0.0091
  10.      u,of,m                      1868.22             1840.40        0.4588       -0.3501        0.6127        0.4134
  28.      alphaed(f,ned)              1868.22             3117.97       -3.6180        2.7234      261.3493     9383.9590
  28.      alphaed(f,ned)              1868.22             1716.46       -3.6180       -0.7566      261.3493     3193.9012
  31.      alphakid(m)                 1868.22             1724.85      -14.3900      -18.4125        0.0056        0.0001
  30.      alphaed(f,ed)               1868.22             1705.66        6.4130        2.4376     9983.6259     9196.5293
  27.      alphaed(m,ned)              1868.22             1699.82       -5.9650       -8.2454       25.6047        2.6241
   7.      emp,of,f                    1868.22             1660.61        1.4080        6.5491        0.8035        0.9986
  10.      u,of,m                      1868.22             1694.67        0.4588        5.9421        0.6127        0.9974
  27.      alphaed(m,ned)              1868.22             1962.20       -5.9650       -8.1068       25.6047        3.0140
  27.      alphaed(m,ned)              1868.22             1827.20       -5.9650       -8.8129       25.6047        1.4878
  31.      alphakid(m)                 1868.22             1840.99      -14.3900       -9.1979        0.0056        1.0125
  27.      alphaed(m,ned)              1868.22             1698.87       -5.9650       -8.0554       25.6047        3.1729
  27.      alphaed(m,ned)              1868.22             1963.82       -5.9650       -9.5757       25.6047        0.6939
  27.      alphaed(m,ned)              1868.22             1818.60       -5.9650       -8.4722       25.6047        2.0915
  28.      alphaed(f,ned)              1868.22             1704.99       -3.6180       -8.1482      261.3493        2.8917
  27.      alphaed(m,ned)              1868.22             1853.93       -5.9650       -6.6146       25.6047       13.3885
  27.      alphaed(m,ned)              1868.22             1645.02       -5.9650       -8.2219       25.6047        2.6864
  27.      alphaed(m,ned)              1868.22             1590.93       -5.9650       -9.9892       25.6047        0.4589
  27.      alphaed(m,ned)              1868.22             1747.61       -5.9650       -8.1714       25.6047        2.8254
  27.      alphaed(m,ned)              1868.22             1644.89       -5.9650       -8.9336       25.6047        1.3186
  27.      alphaed(m,ned)              1868.22             1588.30       -5.9650      -11.9023       25.6047        0.0677
  27.      alphaed(m,ned)              1868.22             1823.39       -5.9650       -7.0895       25.6047        8.3309
  27.      alphaed(m,ned)              1868.22             2164.35       -5.9650       -7.4936       25.6047        5.5631
  27.      alphaed(m,ned)              1868.22             1665.69       -5.9650       -7.5381       25.6047        5.3212
  27.      alphaed(m,ned)              1868.22             1778.56       -5.9650       -7.5458       25.6047        5.2804
  27.      alphaed(m,ned)              1868.22             1655.48       -5.9650       -8.4621       25.6047        2.1129
  27.      alphaed(m,ned)              1868.22             1901.98       -5.9650      -10.3095       25.6047        0.3331
  27.      alphaed(m,ned)              1868.22             3005.43       -5.9650        6.1394       25.6047     9978.4841
  27.      alphaed(m,ned)              1868.22             1661.38       -5.9650       -0.5768       25.6047     3596.6035
  27.      alphaed(m,ned)              1868.22             1613.45       -5.9650       -8.4056       25.6047        2.2356
  27.      alphaed(m,ned)              1868.22             1758.77       -5.9650       -8.2955       25.6047        2.4957
  27.      alphaed(m,ned)              1868.22             1637.12       -5.9650       -8.8415       25.6047        1.4458
  27.      alphaed(m,ned)              1868.22             1529.84       -5.9650      -11.9614       25.6047        0.0639
  27.      alphaed(m,ned)              1868.22             1563.70       -5.9650       -8.8381       25.6047        1.4508
  27.      alphaed(m,ned)              1868.22             1556.76       -5.9650      -11.7111       25.6047        0.0820
   3.      emp,of,m                    1868.22             1618.25        3.0110        5.1000        0.9531        0.9939
   3.      emp,of,m                    1868.22             1664.23        3.0110        8.9383        0.9531        0.9999
  27.      alphaed(m,ned)              1868.22             1609.45       -5.9650       -8.2678       25.6047        2.5659
  27.      alphaed(m,ned)              1868.22             1655.87       -5.9650       -7.9370       25.6047        3.5716
  27.      alphaed(m,ned)              1868.22             1587.39       -5.9650       -8.9482       25.6047        1.2995
  27.      alphaed(m,ned)              1868.22             1721.86       -5.9650      -11.7705       25.6047        0.0773
  27.      alphaed(m,ned)              1868.22             1526.77       -5.9650       -9.2284       25.6047        0.9820
  12.      u,of,f                      1868.22             2366.90       -1.9510        3.5454        0.1244        0.9720
  27.      alphaed(m,ned)              1868.22             1529.84       -5.9650      -11.9614       25.6047        0.0639
  12.      u,of,f                      1868.22             1873.84       -1.9510      -17.4569        0.1244        0.0000
   6.      emp,cur,f                   1868.22             1868.97        0.8518       -4.3251        0.3760        0.0035
  28.      alphaed(f,ned)              1868.22             1999.28       -3.6180       -5.2795      261.3493       50.6917
  27.      alphaed(m,ned)              1868.22             1597.91       -5.9650       -9.2628       25.6047        0.9488
  27.      alphaed(m,ned)              1868.22             1924.84       -5.9650       -8.2387       25.6047        2.6416
   5.      emp,cur,f                   1868.22             1567.29        1.0610       -1.0438        0.4635        0.1020
  27.      alphaed(m,ned)              1868.22             1563.69       -5.9650       -9.6389       25.6047        0.6514
   6.      emp,cur,f                   1868.22             1731.03        0.8518        6.4955        0.3760        0.9962
  27.      alphaed(m,ned)              1868.22             1561.28       -5.9650       -8.3058       25.6047        2.4701
  28.      alphaed(f,ned)              1868.22             3583.44       -3.6180        4.1236      261.3493     9840.7127
  27.      alphaed(m,ned)              1868.22             1571.48       -5.9650       -8.4713       25.6047        2.0936
  27.      alphaed(m,ned)              1868.22             1502.52       -5.9650       -9.6961       25.6047        0.6152
  27.      alphaed(m,ned)              1868.22             1597.78       -5.9650       -8.4572       25.6047        2.1232
  27.      alphaed(m,ned)              1868.22             1544.91       -5.9650       -9.7382       25.6047        0.5898
  27.      alphaed(m,ned)              1868.22             1449.71       -5.9650      -10.0366       25.6047        0.4377
  27.      alphaed(m,ned)              1868.22             1439.46       -5.9650       -8.5748       25.6047        1.8877
   2.      emp,cur,m                   1868.22             1572.47       -2.1020       -7.9968        0.0252        0.0002
  27.      alphaed(m,ned)              1868.22             1466.62       -5.9650       -9.3982       25.6047        0.8286
  27.      alphaed(m,ned)              1868.22             1443.32       -5.9650      -10.3463       25.6047        0.3211
  27.      alphaed(m,ned)              1868.22             1776.26       -5.9650      -10.5026       25.6047        0.2746
  27.      alphaed(m,ned)              1868.22             1984.19       -5.9650       -8.5686       25.6047        1.8995
  27.      alphaed(m,ned)              1868.22             1610.66       -5.9650       -8.4306       25.6047        2.1804
  27.      alphaed(m,ned)              1868.22             1442.39       -5.9650      -10.7189       25.6047        0.2212
   6.      emp,cur,f                   1868.22             1860.76        0.8518       -3.8618        0.3760        0.0067
   6.      emp,cur,f                   1868.22             1731.03        0.8518        6.4955        0.3760        0.9962
  27.      alphaed(m,ned)              1868.22             1564.37       -5.9650       -9.5899       25.6047        0.6841
  27.      alphaed(m,ned)              1868.22             1462.36       -5.9650      -10.4284       25.6047        0.2958
  27.      alphaed(m,ned)              1868.22             1504.88       -5.9650       -9.4516       25.6047        0.7856
  30.      alphaed(f,ed)               1868.22             1489.63        6.4130       12.2848     9983.6259     9999.9538
  27.      alphaed(m,ned)              1868.22             1926.56       -5.9650       -8.9007       25.6047        1.3628
  27.      alphaed(m,ned)              1868.22             1497.52       -5.9650      -11.2918       25.6047        0.1247
  27.      alphaed(m,ned)              1868.22             1440.10       -5.9650      -10.8506       25.6047        0.1939
  27.      alphaed(m,ned)              1868.22             1769.53       -5.9650      -10.0311       25.6047        0.4401
  27.      alphaed(m,ned)              1868.22             1878.78       -5.9650       -8.7214       25.6047        1.6303
  27.      alphaed(m,ned)              1868.22             1926.56       -5.9650       -8.9007       25.6047        1.3628
  27.      alphaed(m,ned)              1868.22             1878.78       -5.9650       -8.7214       25.6047        1.6303
  27.      alphaed(m,ned)              1868.22             1460.12       -5.9650      -11.7673       25.6047        0.0775
  27.      alphaed(m,ned)              1868.22             1931.99       -5.9650       -9.1328       25.6047        1.0806
  27.      alphaed(m,ned)              1868.22             1454.77       -5.9650      -10.3799       25.6047        0.3105
  27.      alphaed(m,ned)              1868.22             1631.24       -5.9650      -13.2216       25.6047        0.0181
  27.      alphaed(m,ned)              1868.22             1456.12       -5.9650       -9.1678       25.6047        1.0434
  31.      alphakid(m)                 1868.22             1761.05      -14.3900       -9.5459        0.0056        0.7149
  27.      alphaed(m,ned)              1868.22             1870.61       -5.9650       -8.8493       25.6047        1.4346
  27.      alphaed(m,ned)              1868.22             1931.99       -5.9650       -9.1328       25.6047        1.0806
  27.      alphaed(m,ned)              1868.22             1870.61       -5.9650       -8.8493       25.6047        1.4346
  27.      alphaed(m,ned)              1868.22             1436.80       -5.9650      -11.2288       25.6047        0.1329
  27.      alphaed(m,ned)              1868.22             2196.92       -5.9650      -15.6238       25.6047        0.0016
  27.      alphaed(m,ned)              1868.22             1349.50       -5.9650      -12.3082       25.6047        0.0451
  27.      alphaed(m,ned)              1868.22             1853.03       -5.9650      -18.6514       25.6047        0.0001
   6.      emp,cur,f                   1868.22             1889.43        0.8518       -3.3146        0.3760        0.0140
  27.      alphaed(m,ned)              1868.22             1709.82       -5.9650       -8.3878       25.6047        2.2758
  27.      alphaed(m,ned)              1868.22             1463.74       -5.9650      -10.9158       25.6047        0.1817
   6.      emp,cur,f                   1868.22             1689.97        0.8518        6.4664        0.3760        0.9961
  27.      alphaed(m,ned)              1868.22             1490.39       -5.9650      -11.0719       25.6047        0.1554
  27.      alphaed(m,ned)              1868.22             1965.44       -5.9650       -9.7787       25.6047        0.5664
  27.      alphaed(m,ned)              1868.22             1601.22       -5.9650       -9.5463       25.6047        0.7146
  27.      alphaed(m,ned)              1868.22             1510.27       -5.9650      -10.3825       25.6047        0.3097
  27.      alphaed(m,ned)              1868.22             1436.17       -5.9650      -11.2196       25.6047        0.1341
  27.      alphaed(m,ned)              1868.22             1434.31       -5.9650       -9.4849       25.6047        0.7598
  27.      alphaed(m,ned)              1868.22             1636.91       -5.9650       -8.3207       25.6047        2.4336
  27.      alphaed(m,ned)              1868.22             1500.51       -5.9650      -10.6579       25.6047        0.2351
  27.      alphaed(m,ned)              1868.22             1706.47       -5.9650      -10.5323       25.6047        0.2666
  27.      alphaed(m,ned)              1868.22             1998.03       -5.9650      -10.2448       25.6047        0.3554
  27.      alphaed(m,ned)              1868.22             1558.96       -5.9650       -9.8703       25.6047        0.5168
  27.      alphaed(m,ned)              1868.22             2005.73       -5.9650      -10.4429       25.6047        0.2915
  27.      alphaed(m,ned)              1868.22             1603.25       -5.9650       -9.9820       25.6047        0.4622
  27.      alphaed(m,ned)              1868.22             1726.08       -5.9650       -8.4880       25.6047        2.0587
  27.      alphaed(m,ned)              1868.22             1706.47       -5.9650      -10.5323       25.6047        0.2666
  27.      alphaed(m,ned)              1868.22             1726.08       -5.9650       -8.4880       25.6047        2.0587
  27.      alphaed(m,ned)              1868.22             1901.55       -5.9650      -10.7043       25.6047        0.2245
  27.      alphaed(m,ned)              1868.22             1606.23       -5.9650      -10.1089       25.6047        0.4071
  27.      alphaed(m,ned)              1868.22             1672.36       -5.9650      -10.6038       25.6047        0.2482
  27.      alphaed(m,ned)              1868.22             1463.87       -5.9650      -10.7482       25.6047        0.2148
  27.      alphaed(m,ned)              1868.22             1717.67       -5.9650       -8.5808       25.6047        1.8765
  27.      alphaed(m,ned)              1868.22             1500.77       -5.9650      -11.2733       25.6047        0.1271
  27.      alphaed(m,ned)              1868.22             1681.75       -5.9650      -10.7372       25.6047        0.2172
  27.      alphaed(m,ned)              1868.22             1675.84       -5.9650      -11.0939       25.6047        0.1520
  27.      alphaed(m,ned)              1868.22             1726.29       -5.9650      -10.9406       25.6047        0.1772
  27.      alphaed(m,ned)              1868.22             1546.00       -5.9650      -10.3492       25.6047        0.3202
   7.      emp,of,f                    1868.22             1723.25        1.4080       -3.3917        0.8035        0.0326
  27.      alphaed(m,ned)              1868.22             1467.81       -5.9650       -9.9395       25.6047        0.4823
  27.      alphaed(m,ned)              1868.22             1741.74       -5.9650       -8.7167       25.6047        1.6381
  27.      alphaed(m,ned)              1868.22             1681.75       -5.9650      -10.7372       25.6047        0.2172
  27.      alphaed(m,ned)              1868.22             1484.69       -5.9650      -11.2849       25.6047        0.1256
   7.      emp,of,f                    1868.22             1647.37        1.4080        6.5346        0.8035        0.9985
  27.      alphaed(m,ned)              1868.22             1412.25       -5.9650      -10.0468       25.6047        0.4332
  27.      alphaed(m,ned)              1868.22             1650.84       -5.9650      -10.4548       25.6047        0.2881
  27.      alphaed(m,ned)              1868.22             1737.10       -5.9650       -8.9208       25.6047        1.3356
  27.      alphaed(m,ned)              1868.22             1681.75       -5.9650      -10.7372       25.6047        0.2172
  27.      alphaed(m,ned)              1868.22             1737.10       -5.9650       -8.9208       25.6047        1.3356
  27.      alphaed(m,ned)              1868.22             1681.75       -5.9650      -10.7372       25.6047        0.2172
  27.      alphaed(m,ned)              1868.22             1448.85       -5.9650      -19.4877       25.6047        0.0000
  27.      alphaed(m,ned)              1868.22             1470.36       -5.9650      -12.0434       25.6047        0.0588
  27.      alphaed(m,ned)              1868.22             1641.42       -5.9650       -9.4496       25.6047        0.7872
   7.      emp,of,f                    1868.22             1696.88        1.4080       -3.3248        0.8035        0.0347
   7.      emp,of,f                    1868.22             1647.37        1.4080        6.5346        0.8035        0.9985
  27.      alphaed(m,ned)              1868.22             1752.88       -5.9650       -9.7548       25.6047        0.5801
  27.      alphaed(m,ned)              1868.22             1578.49       -5.9650      -10.0004       25.6047        0.4538
   7.      emp,of,f                    1868.22             1730.67        1.4080       -3.3464        0.8035        0.0340
   7.      emp,of,f                    1868.22             1647.37        1.4080        6.5346        0.8035        0.9985
  27.      alphaed(m,ned)              1868.22             1725.54       -5.9650      -11.0644       25.6047        0.1566
  27.      alphaed(m,ned)              1868.22             1489.28       -5.9650      -10.6607       25.6047        0.2345
  27.      alphaed(m,ned)              1868.22             1452.61       -5.9650      -12.1303       25.6047        0.0539
   7.      emp,of,f                    1868.22             1717.25        1.4080       -3.2986        0.8035        0.0356
  27.      alphaed(m,ned)              1868.22             1533.26       -5.9650      -10.1642       25.6047        0.3852
  27.      alphaed(m,ned)              1868.22             1441.12       -5.9650      -10.5537       25.6047        0.2610
  27.      alphaed(m,ned)              1868.22             1376.25       -5.9650      -11.4513       25.6047        0.1064
  27.      alphaed(m,ned)              1868.22             1327.94       -5.9650      -13.6399       25.6047        0.0119
  27.      alphaed(m,ned)              1868.22             1473.48       -5.9650      -12.5179       25.6047        0.0366
  27.      alphaed(m,ned)              1868.22             1455.02       -5.9650      -11.0239       25.6047        0.1631
  27.      alphaed(m,ned)              1868.22             1452.23       -5.9650      -11.0839       25.6047        0.1536
  27.      alphaed(m,ned)              1868.22             1372.23       -5.9650      -11.1205       25.6047        0.1481
  27.      alphaed(m,ned)              1868.22             1493.27       -5.9650      -14.4395       25.6047        0.0054
  27.      alphaed(m,ned)              1868.22             1348.08       -5.9650      -11.0953       25.6047        0.1518
  27.      alphaed(m,ned)              1868.22             1489.87       -5.9650      -13.0928       25.6047        0.0206
  28.      alphaed(f,ned)              1868.22             1407.88       -3.6180      -12.8223      261.3493        0.0270
  28.      alphaed(f,ned)              1868.22             1320.58       -3.6180       -7.5701      261.3493        5.1537
  88.      ptypehs                     1868.22             1825.73       -0.6489        6.7851        0.1317        0.9943
  27.      alphaed(m,ned)              1868.22             1539.42       -5.9650      -15.0918       25.6047        0.0028
  27.      alphaed(m,ned)              1868.22             1394.92       -5.9650      -10.7857       25.6047        0.2069
  27.      alphaed(m,ned)              1868.22             1434.41       -5.9650      -13.2028       25.6047        0.0185
  27.      alphaed(m,ned)              1868.22             1308.24       -5.9650      -10.4995       25.6047        0.2755
  27.      alphaed(m,ned)              1868.22             1453.62       -5.9650       -9.2880       25.6047        0.9252
  27.      alphaed(m,ned)              1868.22             1517.32       -5.9650      -12.6571       25.6047        0.0318
  27.      alphaed(m,ned)              1868.22             1350.35       -5.9650      -11.9556       25.6047        0.0642
  27.      alphaed(m,ned)              1868.22             1350.82       -5.9650      -12.5511       25.6047        0.0354
  27.      alphaed(m,ned)              1868.22             1369.77       -5.9650      -13.3260       25.6047        0.0163
  27.      alphaed(m,ned)              1868.22             1541.57       -5.9650      -12.9597       25.6047        0.0235
   5.      emp,cur,f                   1868.22             1452.28        1.0610       -1.1920        0.4635        0.0786
