   3.4229934315187731     
  -2.9963723058028000     
   4.4276127083834806     
  -102.59999999999974     
  0.33175511751096232     
   7.3909589849776747E-002
  0.91535361647506974     
  -99.699999999997701     
   4.9849964190613330     
  0.86519408553859756     
   3.4868716040814638     
  -2.2422469958642299     
   1.5400000000000322     
   5672.3344761086973     
   7000.0000000000000     
  -1.9543813192029758     
   0.0000000000000000     
   0.0000000000000000     
   0.0000000000000000     
  -1.2210000000000409     
  -2.1754235795673349     
   0.0000000000000000     
   0.0000000000000000     
   7000.0000000000000     
   511.43958650733225     
  -1.3834050812640570     
  -5.1896518467991575     
  -7.7797492503672618     
  -7.9329097268942288     
   8.6716711889155551     
  -5.3107696289881243     
  -3.9490000000000691     
   5362.0000000000000     
   0.0000000000000000     
   6393.0000000000000     
   2126.0000000000000     
   6450.0000000000000     
   6136.0000000000000     
   2928.0000000000000     
   4107.0000000000000     
   3756.0000000000000     
   6.1200653568222768E-002
  0.11639166195715146     
   5.9219227211107867E-002
  0.21074478100373728     
 -0.24860000000000054     
  0.21849417586407752     
  0.17388338020686145     
  0.22704089502620856     
  0.12961998184715329     
  -1.0305853577732633     
  -1.1258798283744635     
   0.0000000000000000     
   5.9875832060383244E-002
   4.6929772305086229E-002
  0.10812574593866370     
  0.15233976038790270     
 -0.71159999999998713     
  0.22072111091219793     
  0.27998699257308701     
  0.10758877383183955     
  0.16223664626706502     
 -0.50186509299280491     
  -1.4596585349071463     
   7000.0000000000000     
  -1.8400318637011277     
  -1.5904565534543771     
  -2.1419999999999604     
  -1.9820000000000060     
 -0.38069999999999693     
 -0.32520000000000426     
   9.6233905816139540     
   8.5183424916054751     
  -14810.584617278921     
  -5.3551074786932329     
   8.0002635151597973E-002
  -2.4931081325969888     
   8.9249295132844360     
   9.0823048939074020     
  -19690.000000000000     
  -6.0000000000000000     
  0.49081118735523432     
   8.7351590630663306E-002
   9.0230126856469290     
   8.9818845737476298     
  -19440.000000000000     
  -6.0000000000000000     
  -1.0652469613558839     
 -0.76827315239670613     
   9.7743802765137193     
   9.4165089281560270     
  -18910.000000000000     
  -6.0000000000000000     
