   1.2580022715258381     
  -1.9548812560310558     
   4.4469114596003942     
  -102.59999999999977     
   1.2081187439689387     
   1.2295220766471715     
   2.6018575959816075     
  -99.700000000000571     
   3.6991187439689388     
  0.60591874396893963     
   3.2527940361312613     
  -1.8038812560310755     
   1.5399999999999983     
   7000.0000000000000     
   7000.0000000000000     
  -1.9980242730211195     
   0.0000000000000000     
   0.0000000000000000     
   0.0000000000000000     
  -1.2209999999999885     
  -2.0000000000000000     
   0.0000000000000000     
   0.0000000000000000     
   7000.0000000000000     
   354.59999999999957     
   1.5000000000000000     
  -6.3327968599223645     
  -6.2881877317654764     
  -8.9997968599223217     
   6.0452031400776214     
  -14.757796859922422     
  -3.9489999999999750     
   5362.0000000000000     
   0.0000000000000000     
   6393.0000000000000     
   2126.0000000000000     
   6450.0000000000000     
   6136.0000000000000     
   2928.0000000000000     
   4107.0000000000000     
   3756.0000000000000     
 -0.18428123514806818     
  0.11618153657263047     
 -0.15268282549395229     
  0.10686437680931846     
 -0.24860000000000099     
 -0.18873562319068277     
  0.24708127160121598     
 -0.13277420697734424     
  -5.7927056075223082E-002
 -0.48707968599223644     
   3.8190743344737328     
   0.0000000000000000     
   4.0434376809317912E-002
 -0.18114703420570272     
  -9.1105623190682217E-002
  -7.5363028304026081E-002
 -0.71160000000000001     
 -0.20791920171296754     
  0.22536437680931604     
   4.5527395480734006E-002
  -4.2610623190682054E-002
 -0.62946781159534637     
  -1.4642297328917948     
   7000.0000000000000     
  -1.2757796859922428     
  -1.2593079648280006     
  -2.1420000000000070     
  -1.9820000000000026     
 -0.38070000000000109     
 -0.32519999999999799     
   9.4705762512062179     
   8.7705762512061831     
  -16720.000000000000     
  -6.0000000000000000     
 -0.50235937198447189     
  -2.4545593719844692     
   8.4965914766621715     
   8.7705762512061831     
  -19690.000000000000     
  -6.0000000000000000     
  0.51104062801552352     
 -0.44285937198446873     
   8.7372426175129281     
   8.8098875718248557     
  -19440.000000000000     
  -6.0000000000000000     
 -0.72245937198446764     
 -0.70675937198447336     
   9.5705762512061678     
   9.1364520690611037     
  -18910.000000000000     
  -6.0000000000000000     
