  0.92567963556273325     
  -2.5218400640374363     
   4.2175777472540936     
  -102.60000000000110     
   1.4322554822060010     
  0.81244559331952615     
   1.2701158326440081     
  -99.699999999998866     
   4.7283910837345164     
   2.1060759330298509     
   1.9897310924231988     
  -2.0916131810286243     
   1.5400000000000169     
   7000.0000000000000     
   7000.0000000000000     
  -1.7882013701575703     
   0.0000000000000000     
   0.0000000000000000     
   0.0000000000000000     
  -1.2210000000000183     
  -2.0000000000000000     
   0.0000000000000000     
   0.0000000000000000     
   7000.0000000000000     
   354.60000000000048     
   1.5000000000000000     
  -7.9067617257114140     
  -9.7799008840748467     
  -11.974082121703043     
   6.6742967077980300     
  -18.286690217857398     
  -3.9490000000000620     
   5362.0000000000000     
   0.0000000000000000     
   6393.0000000000000     
   2126.0000000000000     
   6450.0000000000000     
   6136.0000000000000     
   2928.0000000000000     
   4107.0000000000000     
   3756.0000000000000     
   1.2866317978666962E-002
  0.29627769743529170     
   3.7788615897292897E-002
  0.26244399952478037     
 -0.24859999999999860     
  -9.3792167288962780E-002
  0.20036463339843966     
  0.17961992536796717     
  0.17920117061992091     
 -0.49431029575132923     
 -0.70604971774296543     
   0.0000000000000000     
  0.14463950349345392     
  -7.4576113607684347E-002
   4.3952974977424317E-003
  0.21652806431922378     
 -0.71160000000000001     
  -3.5130498000526464E-002
  0.36750698555402178     
   8.5312273968639857E-002
  0.14290483697766396     
 -0.78660245645524773     
  -1.5062692021735149     
   7000.0000000000000     
  -1.6872776958970410     
  -1.4780157153649724     
  -2.1419999999999901     
  -1.9820000000000009     
 -0.38069999999999865     
 -0.32520000000000321     
   9.4268173248940741     
   8.7267490827605325     
  -16720.000000000000     
  -6.0000000000000000     
  -7.9906465382563741E-003
  -1.3701568017308827     
   9.5023902008717833     
   8.9374352964479620     
  -19690.000000000000     
  -6.0000000000000000     
  0.66985767257806805     
 -0.19307939801761953     
   8.9451520248326144     
   9.1809332615092227     
  -19440.000000000000     
  -6.0000000000000000     
 -0.59739931544261449     
 -0.46283002346183033     
   9.1117051480113140     
   8.9160660356485604     
  -18910.000000000000     
  -6.0000000000000000     
