   1.      emp,cur,m                  24744.36            24744.36        1.3150        1.3150        0.7685        0.7685
  78.      alf1t                      24744.36            24947.83        9.3540        8.7000        9.3540        8.7000
  78.      alf1t                      24744.36            24947.83        9.3540        8.7000        9.3540        8.7000
   1.      emp,cur,m                  24744.36            25509.28        1.3150       -0.6850        0.7685        0.3100
   2.      emp,cur,m                  24744.36            25076.29       -2.1020       -4.1020        0.0252        0.0035
   3.      emp,of,m                   24744.36            25009.56        3.0110        1.0110        0.9531        0.7332
   5.      emp,cur,f                  24744.36            26352.10        1.0610       -0.9390        0.4635        0.1047
   6.      emp,cur,f                  24744.36            24836.88        0.8518       -1.1482        0.3760        0.0754
   7.      emp,of,f                   24744.36            25038.75        1.4080       -0.5920        0.8035        0.3562
   9.      u,cur,m                    24744.36            24959.24        3.5520        1.5520        0.9721        0.8252
  10.      u,of,m                     24744.36            25055.52        0.4588       -1.5412        0.6127        0.1764
  11.      u,cur,f                    24744.36            24820.52        2.1570        0.1570        0.8963        0.5392
  12.      u,of,f                     24744.36            24932.48       -1.9510       -3.9510        0.1244        0.0189
  16.      p(ex=2|ex=1),e             24744.36            24375.72       -2.0000       -1.0000        0.1192        0.2689
  27.      alphaed(m,ned)             24744.36            24967.78       -5.9650       -0.9650       25.6047     2758.7823
  28.      alphaed(f,ned)             24744.36            28816.96       -3.6180        1.3820      261.3493     7993.1202
  29.      alphaed(m,ed)              24744.36            24948.96       -8.6320       -3.6320        1.7828      257.8096
  30.      alphaed(f,ed)              24744.36            24946.75        6.4130       11.4130     9983.6259     9999.8895
  31.      alphakid(m)                24744.36            24947.83      -14.3900       -9.3900        0.0056        0.8355
  78.      alf1t                      24744.36            24994.27        9.3540        8.7000        9.3540        8.7000
  78.      alf1t                      24744.36            25526.80        9.3540        8.7000        9.3540        8.7000
  78.      alf1t                      24744.36            25015.85        9.3540        8.7000        9.3540        8.7000
  78.      alf1t                      24744.36            25138.56        9.3540        8.7000        9.3540        8.7000
  78.      alf1t                      24744.36            24879.43        9.3540        8.7000        9.3540        8.7000
  78.      alf1t                      24744.36            25156.09        9.3540        8.7000        9.3540        8.7000
  78.      alf1t                      24744.36            25087.96        9.3540        8.7000        9.3540        8.7000
  78.      alf1t                      24744.36            25081.30        9.3540        8.7000        9.3540        8.7000
  78.      alf1t                      24744.36            24977.88        9.3540        8.7000        9.3540        8.7000
  78.      alf1t                      24744.36            24117.13        9.3540        8.7000        9.3540        8.7000
  78.      alf1t                      24744.36            25184.30        9.3540        8.7000        9.3540        8.7000
  78.      alf1t                      24744.36            24818.35        9.3540        8.7000        9.3540        8.7000
  78.      alf1t                      24744.36            24857.12        9.3540        8.7000        9.3540        8.7000
  78.      alf1t                      24744.36            25516.56        9.3540        8.7000        9.3540        8.7000
  78.      alf1t                      24744.36            24796.57        9.3540        8.7000        9.3540        8.7000
  78.      alf1t                      24744.36            27069.42        9.3540        8.7000        9.3540        8.7000
  78.      alf1t                      24744.36            25090.08        9.3540        8.7000        9.3540        8.7000
  78.      alf1t                      24744.36            25007.11        9.3540        8.7000        9.3540        8.7000
  78.      alf1t                      24744.36            25051.90        9.3540        8.7000        9.3540        8.7000
  78.      alf1t                      24744.36            24998.74        9.3540        8.7000        9.3540        8.7000
  78.      alf1t                      24744.36            22554.49        9.3540        8.7000        9.3540        8.7000
  78.      alf1t                      24744.36            21776.68        9.3540        8.7000        9.3540        8.7000
  72.      alf1t                      24744.36            25083.85        9.2040        9.9000        9.2040        9.9000
  78.      alf1t                      24744.36            24693.18        9.3540        8.7000        9.3540        8.7000
  76.      ptypehs                    24744.36            25038.72       -0.4288        0.5712        0.1641        0.3480
  77.      ptypecol                   24744.36            24940.79       -2.3810       -1.3810        0.0399        0.1016
  90.      alf1t                      24744.36            24942.77        9.0760        9.6000        9.0760        9.6000
  78.      alf1t                      24744.36            24798.03        9.3540        8.7000        9.3540        8.7000
  82.      ptypehs                    24744.36            25066.14        0.5846        1.5846        0.4522        0.6917
  83.      ptypecol                   24744.36            24905.92       -0.3693        0.6307        0.2986        0.5365
  78.      alf1t                      24744.36            25059.47        9.3540        8.7000        9.3540        8.7000
  78.      alf1t                      24744.36            24655.59        9.3540        8.7000        9.3540        8.7000
  88.      ptypehs                    24744.36            24951.23       -0.6489        0.3511        0.1317        0.2919
  89.      ptypecol                   24744.36            24970.42       -0.6332        0.3668        0.2294        0.4472
  90.      alf1t                      24744.36            24959.49        9.0760       10.0000        9.0760       10.0000
  78.      alf1t                      24744.36            24823.05        9.3540        8.7000        9.3540        8.7000
  78.      alf1t                      24744.36            24717.88        9.3540        8.7154        9.3540        8.7154
  91.      alf2t                      24744.36            24688.25        8.7770        7.6000        8.7770        7.6000
   1.      emp,cur,m                  24744.36            24544.36        1.3150        3.3091        0.7685        0.9609
   1.      emp,cur,m                  24744.36            25021.30        1.3150        7.3032        0.7685        0.9993
  85.      alf2t                      24744.36            25043.76        9.0570        8.4018        9.0570        8.4018
  85.      alf2t                      24744.36            26690.72        9.0570        7.6036        9.0570        7.6036
  78.      alf1t                      24744.36            24873.85        9.3540        8.7179        9.3540        8.7179
  61.      alf20                      24744.36            41876.47        0.0329       -1.7597        0.0329       -1.7597
  78.      alf1t                      24744.36            24688.27        9.3540        8.7186        9.3540        8.7186
  16.      p(ex=2|ex=1),e             24744.36            25246.74       -2.0000       -2.9903        0.1192        0.0479
  16.      p(ex=2|ex=1),e             24744.36            26189.01       -2.0000       -4.9806        0.1192        0.0068
  78.      alf1t                      24744.36            24776.81        9.3540        8.7200        9.3540        8.7200
  52.      alf12                      24744.36            23821.85       -0.5000       -1.9884        0.3775        0.1204
  78.      alf1t                      24744.36            24590.16        9.3540        8.7215        9.3540        8.7215
  78.      alf1t                      24744.36            24474.27        9.3540        8.7224        9.3540        8.7224
  64.      alf22                      24744.36            23924.58       -1.2290       -2.1185        0.2264        0.1073
  78.      alf1t                      24744.36            24665.68        9.3540        8.7241        9.3540        8.7241
  57.      alf20                      24744.36            30583.61        0.1431       -1.6308        0.1431       -1.6308
  78.      alf1t                      24744.36            24727.06        9.3540        8.7250        9.3540        8.7250
  84.      alf1t                      24744.36            25964.94        8.8650        7.7193        8.8650        7.7193
  78.      alf1t                      24744.36            25106.60        9.3540        8.7260        9.3540        8.7260
  59.      alf20                      24744.36            45878.97       -0.1141       -1.8823       -0.1141       -1.8823
   6.      emp,cur,f                  24744.36            25882.43        0.8518        2.7938        0.3760        0.8226
  78.      alf1t                      24744.36            24976.10        9.3540        8.7088        9.3540        8.7088
  48.      alf10                      24744.36            45531.82        0.1394        1.9182        0.1394        1.9182
  78.      alf1t                      24744.36            27893.49        9.3540        8.7276        9.3540        8.7276
   3.      emp,of,m                   24744.36            24676.46        3.0110        4.9444        0.9531        0.9929
   3.      emp,of,m                   24744.36            24610.11        3.0110        8.8777        0.9531        0.9999
  78.      alf1t                      24744.36            24721.49        9.3540        8.3155        9.3540        8.3155
  78.      alf1t                      24744.36            24925.60        9.3540        7.5311        9.3540        7.5311
  78.      alf1t                      24744.36            24958.11        9.3540        8.6738        9.3540        8.6738
  59.      alf20                      24744.36            55448.12       -0.1141        1.6616       -0.1141        1.6616
  78.      alf1t                      24744.36            24713.16        9.3540        8.6987        9.3540        8.6987
  49.      alf10                      24744.36            30702.07        0.0804       -1.6718        0.0804       -1.6718
   7.      emp,of,f                   24744.36            24738.36        1.4080        3.3224        0.8035        0.9652
   7.      emp,of,f                   24744.36            24660.35        1.4080        7.2367        0.8035        0.9993
  78.      alf1t                      24744.36            24702.70        9.3540        8.6986        9.3540        8.6986
  42.      alf10                      24744.36            29314.76        0.0111       -1.7301        0.0111       -1.7301
  78.      alf1t                      24744.36            25520.30        9.3540        8.6735        9.3540        8.6735
  57.      alf20                      24744.36            75709.72        0.1431        1.9138        0.1431        1.9138
  78.      alf1t                      24744.36            25156.56        9.3540        8.6742        9.3540        8.6742
  44.      alf10                      24744.36            38316.88       -0.0335        1.7321       -0.0335        1.7321
  28.      alphaed(f,ned)             24744.36            24776.33       -3.6180       -8.3658      261.3493        2.3263
  28.      alphaed(f,ned)             24744.36            24666.34       -3.6180      -18.1137      261.3493        0.0001
  28.      alphaed(f,ned)             24744.36            24825.36       -3.6180       -4.3247      261.3493      130.6418
  28.      alphaed(f,ned)             24744.36            25069.59       -3.6180       -5.4180      261.3493       44.1658
  78.      alf1t                      24744.36            25044.76        9.3540        8.7515        9.3540        8.7515
  11.      u,cur,f                    24744.36            24724.16        2.1570        4.0420        0.8963        0.9827
  11.      u,cur,f                    24744.36            24625.08        2.1570        7.9271        0.8963        0.9996
  91.      alf2t                      24744.36            24728.31        8.7770        9.9310        8.7770        9.9310
  91.      alf2t                      24744.36            30747.19        8.7770       12.2621        8.7770       12.2621
   6.      emp,cur,f                  24744.36            25240.93        0.8518       -1.0811        0.3760        0.0837
   6.      emp,cur,f                  24744.36            25772.30        0.8518       -4.9560        0.3760        0.0018
  28.      alphaed(f,ned)             24744.36            21784.24       -3.6180       -4.4595      261.3493      114.3615
  28.      alphaed(f,ned)             24744.36            50667.51       -3.6180       -5.6465      261.3493       35.1726
  78.      alf1t                      24744.36            24778.67        9.3540        8.6724        9.3540        8.6724
  59.      alf20                      24744.36            54317.64       -0.1141        1.6470       -0.1141        1.6470
  28.      alphaed(f,ned)             24744.36            24442.11       -3.6180       -4.2812      261.3493      136.3726
  78.      alf1t                      24744.36            24563.69        9.3540        8.3171        9.3540        8.3171
  78.      alf1t                      24744.36            24377.91        9.3540        7.5406        9.3540        7.5406
  78.      alf1t                      24744.36            24467.34        9.3540        8.6661        9.3540        8.6661
  50.      alf10                      24744.36            29545.05        0.0916       -1.6318        0.0916       -1.6318
  78.      alf1t                      24744.36            24689.24        9.3540        8.6557        9.3540        8.6557
  48.      alf10                      24744.36            26359.82        0.1394       -1.5994        0.1394       -1.5994
  78.      alf1t                      24744.36            24626.55        9.3540        8.6628        9.3540        8.6628
  55.      alf20                      24744.36            38270.38       -0.0393       -1.7551       -0.0393       -1.7551
  78.      alf1t                      24744.36            24395.48        9.3540        8.6613        9.3540        8.6613
  52.      alf12                      24744.36            21541.55       -0.5000        0.9153        0.3775        0.7141
  52.      alf12                      24744.36            20123.24       -0.5000        3.8191        0.3775        0.9785
  30.      alphaed(f,ed)              24744.36            24508.79        6.4130        1.7730     9983.6259     8548.2811
  30.      alphaed(f,ed)              24744.36            23294.80        6.4130       -7.8670     9983.6259        3.8302
  28.      alphaed(f,ned)             24744.36            24482.79       -3.6180       -4.3583      261.3493      126.3785
  28.      alphaed(f,ned)             24744.36            24118.21       -3.6180       -4.6369      261.3493       95.9448
  28.      alphaed(f,ned)             24744.36            24645.41       -3.6180       -4.4353      261.3493      117.1306
  56.      alf20                      24744.36            45626.70       -0.0470       -1.7437       -0.0470       -1.7437
  31.      alphakid(m)                24744.36            24174.34      -14.3900      -18.9358        0.0056        0.0001
  28.      alphaed(f,ned)             24744.36            24288.91       -3.6180       -4.4993      261.3493      109.9407
  28.      alphaed(f,ned)             24744.36            27899.29       -3.6180       -5.3807      261.3493       45.8355
  27.      alphaed(m,ned)             24744.36            24105.52       -5.9650      -10.4602       25.6047        0.2865
  27.      alphaed(m,ned)             24744.36            23909.82       -5.9650      -19.9553       25.6047        0.0000
  28.      alphaed(f,ned)             24744.36            24058.26       -3.6180       -4.6036      261.3493       99.1595
  83.      ptypecol                   24744.36            23905.32       -0.3693       -3.1459        0.2986        0.0228
  28.      alphaed(f,ned)             24744.36            23858.94       -3.6180       -4.6795      261.3493       91.9859
  28.      alphaed(f,ned)             24744.36            23946.87       -3.6180       -4.7203      261.3493       88.3386
  27.      alphaed(m,ned)             24744.36            26502.87       -5.9650        8.5248       25.6047     9998.0155
   2.      emp,cur,m                  24744.36            23850.44       -2.1020       -0.3435        0.0252        0.1042
   2.      emp,cur,m                  24744.36            25261.29       -2.1020        3.4149        0.0252        0.7924
  29.      alphaed(m,ed)              24744.36            23850.39       -8.6320      -12.9975        1.7828        0.0227
  27.      alphaed(m,ned)             24744.36            23866.07       -5.9650       -4.8254       25.6047       79.5973
  27.      alphaed(m,ned)             24744.36            23816.54       -5.9650      -19.8286       25.6047        0.0000
  27.      alphaed(m,ned)             24744.36            22921.58       -5.9650      -48.1821       25.6047        0.0000
  28.      alphaed(f,ned)             24744.36            23617.45       -3.6180       -5.1722      261.3493       56.3993
  28.      alphaed(f,ned)             24744.36            23856.16       -3.6180       -5.2867      261.3493       50.3291
  28.      alphaed(f,ned)             24744.36            24467.15       -3.6180       -7.1705      261.3493        7.6836
   7.      emp,of,f                   24744.36            24125.71        1.4080       -3.9222        0.8035        0.0194
  27.      alphaed(m,ned)             24744.36            27257.63       -5.9650       -7.3235       25.6047        6.5942
  28.      alphaed(f,ned)             24744.36            24042.15       -3.6180       -5.2550      261.3493       51.9408
   9.      u,cur,m                    24744.36            23410.81        3.5520        8.8167        0.9721        0.9999
  28.      alphaed(f,ned)             24744.36            23982.73       -3.6180       -5.3810      261.3493       45.8234
  28.      alphaed(f,ned)             24744.36            23480.02       -3.6180       -7.1439      261.3493        7.8904
  28.      alphaed(f,ned)             24744.36            24028.84       -3.6180       -5.5166      261.3493       40.0354
  78.      alf1t                      24744.36            25013.29        9.3540        8.6858        9.3540        8.6858
  11.      u,cur,f                    24744.36            24172.56        2.1570       -3.0229        0.8963        0.0464
  11.      u,cur,f                    24744.36            22997.01        2.1570      -13.9728        0.8963        0.0000
  28.      alphaed(f,ned)             24744.36            24100.24       -3.6180       -5.7992      261.3493       30.2074
  28.      alphaed(f,ned)             24744.36            23900.06       -3.6180       -6.1143      261.3493       22.0623
  28.      alphaed(f,ned)             24744.36            33640.43       -3.6180       -9.0482      261.3493        1.1759
  27.      alphaed(m,ned)             24744.36            24875.58       -5.9650       -8.0710       25.6047        3.1238
  28.      alphaed(f,ned)             24744.36            27318.74       -3.6180        9.2596      261.3493     9999.0482
   6.      emp,cur,f                  24744.36            25131.30        0.8518       -1.0987        0.3760        0.0820
  27.      alphaed(m,ned)             24744.36            23810.94       -5.9650       -8.4689       25.6047        2.0986
  27.      alphaed(m,ned)             24744.36            35217.21       -5.9650      -11.3640       25.6047        0.1161
  27.      alphaed(m,ned)             24744.36            23903.85       -5.9650       -8.2525       25.6047        2.6053
  27.      alphaed(m,ned)             24744.36            36428.42       -5.9650      -10.6158       25.6047        0.2452
  27.      alphaed(m,ned)             24744.36            23886.11       -5.9650       -8.2647       25.6047        2.5738
  27.      alphaed(m,ned)             24744.36            23025.18       -5.9650       -8.4749       25.6047        2.0860
  27.      alphaed(m,ned)             24744.36            21294.91       -5.9650      -11.1019       25.6047        0.1508
  27.      alphaed(m,ned)             24744.36            23762.85       -5.9650       -8.8801       25.6047        1.3911
  28.      alphaed(f,ned)             24744.36            24472.40       -3.6180      -18.2435      261.3493        0.0001
   9.      u,cur,m                    24744.36            24990.70        3.5520       -2.0049        0.9721        0.1187
  27.      alphaed(m,ned)             24744.36            26463.82       -5.9650       -9.1497       25.6047        1.0624
  27.      alphaed(m,ned)             24744.36            23989.76       -5.9650       -9.1865       25.6047        1.0240
  27.      alphaed(m,ned)             24744.36            43284.54       -5.9650      -12.9720       25.6047        0.0232
  27.      alphaed(m,ned)             24744.36            23947.00       -5.9650       -9.1800       25.6047        1.0307
  78.      alf1t                      24744.36            24689.24        9.3540        8.6557        9.3540        8.6557
  28.      alphaed(f,ned)             24744.36            24619.43       -3.6180       -4.6005      261.3493       99.4715
  28.      alphaed(f,ned)             24744.36            24266.32       -3.6180       -4.5324      261.3493      106.4035
  27.      alphaed(m,ned)             24744.36            28620.07       -5.9650       -1.5822       25.6047     1704.8125
  27.      alphaed(m,ned)             24744.36            23529.64       -5.9650       -8.5276       25.6047        1.9790
  27.      alphaed(m,ned)             24744.36            22617.34       -5.9650      -11.0901       25.6047        0.1526
  27.      alphaed(m,ned)             24744.36            23736.42       -5.9650       -9.0693       25.6047        1.1513
  27.      alphaed(m,ned)             24744.36            55011.32       -5.9650      -12.5054       25.6047        0.0371
  27.      alphaed(m,ned)             24744.36            23462.19       -5.9650       -8.8568       25.6047        1.4238
  27.      alphaed(m,ned)             24744.36            23830.28       -5.9650       -9.5857       25.6047        0.6870
  27.      alphaed(m,ned)             24744.36            62546.93       -5.9650      -13.8012       25.6047        0.0101
  10.      u,of,m                     24744.36            26132.03        0.4588       -5.0572        0.6127        0.0063
   7.      emp,of,f                   24744.36            24732.78        1.4080        7.1331        0.8035        0.9992
  78.      alf1t                      24744.36            24527.28        9.3540        8.6596        9.3540        8.6596
  27.      alphaed(m,ned)             24744.36            30298.41       -5.9650       -3.9472       25.6047      189.4376
   9.      u,cur,m                    24744.36            23512.33        3.5520        8.7413        0.9721        0.9998
   9.      u,cur,m                    24744.36            26349.03        3.5520       19.4874        0.9721        1.0000
  27.      alphaed(m,ned)             24744.36            23863.96       -5.9650       -9.5942       25.6047        0.6812
  27.      alphaed(m,ned)             24744.36            24099.78       -5.9650       -8.9605       25.6047        1.2837
