   3.1886441583796907     
  -2.7651682589018662     
   3.2685301791365999     
  -102.60000000000028     
   6.5383151981264126E-002
  0.15623199181058695     
   1.4766625464027503     
  -99.699999999997814     
   4.5657447812655843     
  0.49697762554598479     
   3.5435809681754664     
  -3.0877366386639991     
   1.5400000000000000     
   5958.5710910962098     
   7000.0000000000000     
  -2.0921578713285980     
   0.0000000000000000     
   0.0000000000000000     
   0.0000000000000000     
  -1.2210000000000343     
  -2.1057336861457361     
   0.0000000000000000     
   0.0000000000000000     
   7000.0000000000000     
   675.85036548661810     
  -1.4983190863367097     
  -4.2713511016367782     
 -0.56673058141380750     
  -7.8608510739053230     
   7.2158108490859654     
  -13.655649766304096     
  -3.9490000000000691     
   5362.0000000000000     
   0.0000000000000000     
   6393.0000000000000     
   2126.0000000000000     
   6450.0000000000000     
   6136.0000000000000     
   2928.0000000000000     
   4107.0000000000000     
   3756.0000000000000     
  -2.6200024612345510E-002
  0.11773477727123961     
   7.4062903059098337E-002
  0.11486915794179729     
 -0.24859999999999899     
  0.11636917525060725     
  0.10755285871080303     
   8.1994055628073451E-002
   2.4979379610293173E-002
 -0.87887667885139042     
 -0.67085207965145965     
   0.0000000000000000     
  -2.1404880836594919E-002
  0.18016749378621622     
  0.13701163105461664     
  0.21278219000421744     
 -0.71159999999999668     
   9.8791610472341029E-002
  0.25053628505861009     
  0.13038602690442747     
   7.9428504217671239E-002
 -0.38482754206470504     
  -1.5916655421424448     
   7000.0000000000000     
  -1.2389999999999957     
  -1.2637499828023038     
  -2.1419999999999875     
  -1.9819999999999947     
 -0.38069999999999821     
 -0.32520000000000432     
   9.2806224486819175     
   8.4829274888923987     
  -16337.321106251700     
  -5.5566324679803216     
 -0.33524852419712131     
  -2.3316480933273778     
   8.7134518119593753     
   9.1298845723974456     
  -19690.000000000000     
  -6.0000000000000000     
  0.48212790491809066     
  -1.8283852119173966E-002
   8.8899156059455695     
   9.0525949904625307     
  -19440.000000000000     
  -6.0000000000000000     
   3.0116395055354378E-002
 -0.29505725611467792     
   9.7679357592180001     
   8.9070416570882127     
  -18910.000000000000     
  -6.0000000000000000     
