   1.      emp,cur,m                   2188.96             2188.96        3.4230        3.4230        0.9669        0.9669
   1.      emp,cur,m                   2188.96             2188.96        3.4230        3.4230        0.9669        0.9669
   1.      emp,cur,m                   2188.96             2246.97        3.4230        1.4230        0.9669        0.7981
   2.      emp,cur,m                   2188.96             2185.36       -2.9964       -4.9964        0.0016        0.0002
   3.      emp,of,m                    2188.96             2087.35        4.4276        2.4276        0.9882        0.9189
   5.      emp,cur,f                   2188.96             2390.48        0.3318       -1.6682        0.4015        0.0832
   6.      emp,cur,f                   2188.96             1953.34        0.0739       -1.9261        0.3103        0.0574
   7.      emp,of,f                    2188.96             2330.37        0.9154       -1.0846        0.7141        0.2526
   9.      u,cur,m                     2188.96             2213.55        4.9850        2.9850        0.9932        0.9519
  10.      u,of,m                      2188.96             2324.69        0.8652       -1.1348        0.7037        0.2433
  11.      u,cur,f                     2188.96             2207.09        3.4869        1.4869        0.9703        0.8156
  12.      u,of,f                      2188.96             2058.28       -0.7422       -2.7422        0.3225        0.0605
  13.      psil(1)                     2188.96             1187.73        1.5400        2.5400        0.3683        0.6131
  14.      uhomet 1                    2188.96             1284.82     5672.3345     8508.5017     5672.3345     8508.5017
  21.      pmeet                       2188.96             2243.31       -2.1754       -1.6754        0.1020        0.1577
  25.      kcst                        2188.96             2335.74      511.4396     1511.4396      511.4396     1511.4396
  26.      divpenalty                  2188.96             2197.16       -1.3834       -0.8834    -4009.2537    -5849.4532
  27.      alphaed(m,ned)              2188.96             2197.23       -5.1897       -0.1897       55.4305     4527.2864
  28.      alphaed(f,ned)              2188.96             2190.01       -7.7797       -2.7797        4.1794      584.2835
  29.      alphaed(m,ed)               2188.96             2188.00       -7.9329       -2.9329        3.5861      505.5049
  30.      alphaed(f,ed)               2188.96             2188.28        8.6717       13.6717     9998.2866     9999.9885
  31.      alphakid(m)                 2188.96             2184.79       -5.3108       -0.3108       49.1386     4229.2689
  33.      uloc                        2188.96             2258.16     5362.0000    10724.0000     5362.0000    10724.0000
  35.      uloc                        2188.96             1956.20     6393.0000    12786.0000     6393.0000    12786.0000
  36.      uloc                        2188.96             2245.10     2126.0000     4252.0000     2126.0000     4252.0000
  37.      uloc                        2188.96             1987.00     6450.0000    12900.0000     6450.0000    12900.0000
  38.      uloc                        2188.96             1869.96     6136.0000    12272.0000     6136.0000    12272.0000
  39.      uloc                        2188.96             2186.56     2928.0000     5856.0000     2928.0000     5856.0000
  40.      uloc                        2188.96             2142.49     4107.0000     8214.0000     4107.0000     8214.0000
  41.      uloc                        2188.96             2010.43     3756.0000     7512.0000     3756.0000     7512.0000
  66.      sig_wge                     2188.96             2085.96       -1.8400       -1.3400        0.1370        0.2075
  67.      sig_wge                     2188.96             2161.98       -1.5905       -1.0905        0.1693        0.2515
  68.      sigo_m                      2188.96             3198.36       -2.1420       -1.6420    31524.3488    48657.9318
  69.      sigo_f                      2188.96             2892.97       -1.9820       -1.4820    36331.7394    55537.6563
  72.      alf1t                       2188.96             2480.55        9.6234       10.1234        9.6234       10.1234
  73.      alf2t                       2188.96             2504.33        8.5183        9.0183        8.5183        9.0183
  74.      cst                         2188.96             1817.15   -14810.5846   -17310.5846   -14810.5846   -17310.5846
  75.      mu_mar                      2188.96             2261.16       -5.3551       -4.3551      235.0875      633.9129
  76.      ptypehs                     2188.96             2329.41        0.0800        1.0800        0.2667        0.4972
  77.      ptypecol                    2188.96             2185.83       -2.4931       -1.4931        0.0313        0.0808
  78.      alf1t                       2188.96             2329.11        8.9249        9.4249        8.9249        9.4249
  79.      alf2t                       2188.96             2448.82        9.0823        9.5823        9.0823        9.5823
  82.      ptypehs                     2188.96             2292.06        0.4908        1.4908        0.4022        0.6465
  83.      ptypecol                    2188.96             2182.48        0.0874        1.0874        0.4137        0.6573
  84.      alf1t                       2188.96             2590.46        9.0230        9.5230        9.0230        9.5230
  85.      alf2t                       2188.96             2742.56        8.9819        9.4819        8.9819        9.4819
  88.      ptypehs                     2188.96             2341.90       -1.0652       -0.0652        0.0849        0.2013
  89.      ptypecol                    2188.96             2209.31       -0.7683        0.2317        0.1758        0.3671
  90.      alf1t                       2188.96             2252.14        9.7744       10.2744        9.7744       10.2744
  91.      alf2t                       2188.96             2328.46        9.4165        9.9165        9.4165        9.9165
  37.      uloc                        2188.96             2668.10     6450.0000     6718.7500     6450.0000     6718.7500
  37.      uloc                        2188.96             1968.99     6450.0000     6729.9479     6450.0000     6729.9479
  37.      uloc                        2188.96             3379.47     6450.0000     7009.8958     6450.0000     7009.8958
  37.      uloc                        2188.96             2064.30     6450.0000     6741.6124     6450.0000     6741.6124
  37.      uloc                        2188.96             2082.60     6450.0000     7033.2248     6450.0000     7033.2248
  37.      uloc                        2188.96             2034.09     6450.0000     6753.7629     6450.0000     6753.7629
  37.      uloc                        2188.96             2082.57     6450.0000     6766.4197     6450.0000     6766.4197
  37.      uloc                        2188.96             1184.14     6450.0000     6779.6039     6450.0000     6779.6039
  37.      uloc                        2188.96             1641.42     6450.0000     7109.2077     6450.0000     7109.2077
  37.      uloc                        2188.96             1916.51     6450.0000     6793.3374     6450.0000     6793.3374
  37.      uloc                        2188.96             2439.74     6450.0000     6527.6952     6450.0000     6527.6952
  37.      uloc                        2188.96             2259.48     6450.0000     6799.6825     6450.0000     6799.6825
  40.      uloc                        2188.96             1899.82     4107.0000       60.8107     4107.0000       60.8107
  40.      uloc                        2188.96             1645.25     4107.0000    -8092.3786     4107.0000    -8092.3786
  37.      uloc                        2188.96             1969.79     6450.0000      125.8570     6450.0000      125.8570
  40.      uloc                        2188.96             2195.78     4107.0000     3447.4383     4107.0000     3447.4383
  33.      uloc                        2188.96             1859.89     5362.0000      111.9109     5362.0000      111.9109
  39.      uloc                        2188.96             1865.31     2928.0000       68.7402     2928.0000       68.7402
  39.      uloc                        2188.96             1601.24     2928.0000    -5718.5196     2928.0000    -5718.5196
  40.      uloc                        2188.96             2195.97     4107.0000     3331.3548     4107.0000     3331.3548
  40.      uloc                        2188.96             2088.82     4107.0000     3500.5146     4107.0000     3500.5146
  40.      uloc                        2188.96             1776.91     4107.0000     3475.2444     4107.0000     3475.2444
  40.      uloc                        2188.96             1458.41     4107.0000     2843.4888     4107.0000     2843.4888
  40.      uloc                        2188.96             2532.77     4107.0000     3371.0648     4107.0000     3371.0648
  40.      uloc                        2188.96             6200.96     4107.0000     2585.6577     4107.0000     2585.6577
  40.      uloc                        2188.96             1855.21     4107.0000     3389.8728     4107.0000     3389.8728
  40.      uloc                        2188.96             1601.65     4107.0000     2672.7456     4107.0000     2672.7456
  40.      uloc                        2188.96             1897.86     4107.0000     3330.1122     4107.0000     3330.1122
  40.      uloc                        2188.96             2452.12     4107.0000     2553.2244     4107.0000     2553.2244
  40.      uloc                        2188.96             1800.44     4107.0000     3297.7419     4107.0000     3297.7419
  40.      uloc                        2188.96             2398.23     4107.0000     3032.0871     4107.0000     3032.0871
  40.      uloc                        2188.96             2838.69     4107.0000     3024.2748     4107.0000     3024.2748
  40.      uloc                        2188.96             2430.36     4107.0000     3924.0156     4107.0000     3924.0156
  39.      uloc                        2188.96             1977.97     2928.0000     2387.4490     2928.0000     2387.4490
  39.      uloc                        2188.96             2094.15     2928.0000     1798.1951     2928.0000     1798.1951
  40.      uloc                        2188.96             1837.29     4107.0000     3197.9586     4107.0000     3197.9586
  40.      uloc                        2188.96             2539.01     4107.0000     3350.6906     4107.0000     3350.6906
  40.      uloc                        2188.96             2499.64     4107.0000     3945.4515     4107.0000     3945.4515
  40.      uloc                        2188.96             1619.43     4107.0000     3161.8325     4107.0000     3161.8325
  40.      uloc                        2188.96             2438.28     4107.0000     3910.2728     4107.0000     3910.2728
  40.      uloc                        2188.96             1785.78     4107.0000     3145.7665     4107.0000     3145.7665
  35.      uloc                        2188.96             1925.26     6393.0000     6732.9447     6393.0000     6732.9447
  40.      uloc                        2188.96             2838.69     4107.0000     3024.2748     4107.0000     3024.2748
  40.      uloc                        2188.96             1771.73     4107.0000     3105.7151     4107.0000     3105.7151
  40.      uloc                        2188.96             1509.02     4107.0000     2104.4301     4107.0000     2104.4301
  40.      uloc                        2188.96             1934.10     4107.0000     3022.2747     4107.0000     3022.2747
  40.      uloc                        2188.96             1822.31     4107.0000     2977.0778     4107.0000     2977.0778
  40.      uloc                        2188.96             2582.51     4107.0000     1847.1555     4107.0000     1847.1555
  40.      uloc                        2188.96             2065.12     4107.0000     3179.4773     4107.0000     3179.4773
  35.      uloc                        2188.96             1853.06     6393.0000     7036.0321     6393.0000     7036.0321
  35.      uloc                        2188.96             1852.33     6393.0000     6862.8168     6393.0000     6862.8168
  37.      uloc                        2188.96             3511.99     6450.0000     7502.1330     6450.0000     7502.1330
  35.      uloc                        2188.96             2262.25     6393.0000     6444.1077     6393.0000     6444.1077
  40.      uloc                        2188.96             1679.68     4107.0000     3004.0731     4107.0000     3004.0731
  35.      uloc                        2188.96             2063.42     6393.0000     6944.2971     6393.0000     6944.2971
  37.      uloc                        2188.96             3052.96     6450.0000     7666.8707     6450.0000     7666.8707
  40.      uloc                        2188.96             2536.59     4107.0000     3001.6900     4107.0000     3001.6900
  75.      mu_mar                      2188.96             2261.16       -5.3551       -4.3551      235.0875      633.9129
  40.      uloc                        2188.96             1761.50     4107.0000     3001.6900     4107.0000     3001.6900
  40.      uloc                        2188.96             1671.58     4107.0000     1896.3799     4107.0000     1896.3799
  40.      uloc                        2188.96             1620.95     4107.0000     2909.5808     4107.0000     2909.5808
  40.      uloc                        2188.96             1345.29     4107.0000     1712.1616     4107.0000     1712.1616
  40.      uloc                        2188.96             2122.63     4107.0000     3441.5515     4107.0000     3441.5515
  40.      uloc                        2188.96             1814.84     4107.0000     2807.3391     4107.0000     2807.3391
  40.      uloc                        2188.96             1598.76     4107.0000     2921.4662     4107.0000     2921.4662
  40.      uloc                        2188.96             1546.94     4107.0000     2710.5205     4107.0000     2710.5205
  40.      uloc                        2188.96             1322.33     4107.0000     1314.0409     4107.0000     1314.0409
  40.      uloc                        2188.96             1494.30     4107.0000     2594.1472     4107.0000     2594.1472
  40.      uloc                        2188.96             1461.21     4107.0000     2531.1116     4107.0000     2531.1116
  40.      uloc                        2188.96             1678.04     4107.0000     2483.6512     4107.0000     2483.6512
  37.      uloc                        2188.96             1512.53     6450.0000    12414.8019     6450.0000    12414.8019
  40.      uloc                        2188.96             1334.69     4107.0000     2365.4205     4107.0000     2365.4205
  40.      uloc                        2188.96             1249.11     4107.0000      623.8411     4107.0000      623.8411
  37.      uloc                        2188.96             2109.99     6450.0000     6966.4462     6450.0000     6966.4462
  40.      uloc                        2188.96             1350.59     4107.0000     2279.7733     4107.0000     2279.7733
  36.      uloc                        2188.96             1263.56     2126.0000    -3529.1462     2126.0000    -3529.1462
  40.      uloc                        2188.96             1742.63     4107.0000     2820.6800     4107.0000     2820.6800
  40.      uloc                        2188.96             2311.21     4107.0000     2101.6348     4107.0000     2101.6348
  75.      mu_mar                      2188.96             2261.16       -5.3551       -4.3551      235.0875      633.9129
  40.      uloc                        2188.96             1345.10     4107.0000     2101.6348     4107.0000     2101.6348
  40.      uloc                        2188.96             2473.01     4107.0000       96.2696     4107.0000       96.2696
  40.      uloc                        2188.96             2222.71     4107.0000     2082.7485     4107.0000     2082.7485
  40.      uloc                        2188.96             1428.51     4107.0000     1708.5938     4107.0000     1708.5938
  37.      uloc                        2188.96             4220.13     6450.0000     7244.8931     6450.0000     7244.8931
  40.      uloc                        2188.96             2347.60     4107.0000     3669.4666     4107.0000     3669.4666
  35.      uloc                        2188.96             1320.29     6393.0000     1278.2768     6393.0000     1278.2768
  35.      uloc                        2188.96             1432.76     6393.0000   -10229.4464     6393.0000   -10229.4464
  38.      uloc                        2188.96             1246.59     6136.0000     1288.6630     6136.0000     1288.6630
  38.      uloc                        2188.96             1422.41     6136.0000    -9694.6741     6136.0000    -9694.6741
  40.      uloc                        2188.96             1585.46     4107.0000     1721.8357     4107.0000     1721.8357
  40.      uloc                        2188.96             1897.63     4107.0000     -663.3285     4107.0000     -663.3285
  41.      uloc                        2188.96             1398.81     3756.0000      869.2411     3756.0000      869.2411
  41.      uloc                        2188.96             1403.69     3756.0000    -5773.5177     3756.0000    -5773.5177
  40.      uloc                        2188.96             1700.82     4107.0000     1933.2084     4107.0000     1933.2084
  40.      uloc                        2188.96             4106.37     4107.0000      157.1229     4107.0000      157.1229
  40.      uloc                        2188.96             1682.39     4107.0000     1649.8518     4107.0000     1649.8518
  40.      uloc                        2188.96             4489.31     4107.0000     -610.5692     4107.0000     -610.5692
  40.      uloc                        2188.96             1371.15     4107.0000     1149.2650     4107.0000     1149.2650
  40.      uloc                        2188.96             1613.77     4107.0000    -2001.8894     4107.0000    -2001.8894
  40.      uloc                        2188.96             1386.94     4107.0000     1219.4453     4107.0000     1219.4453
  40.      uloc                        2188.96             2046.93     4107.0000     1099.1305     4107.0000     1099.1305
  40.      uloc                        2188.96             1236.30     4107.0000      973.8026     4107.0000      973.8026
  40.      uloc                        2188.96             1385.48     4107.0000    -2159.3948     4107.0000    -2159.3948
  40.      uloc                        2188.96             1220.84     4107.0000      843.2527     4107.0000      843.2527
  40.      uloc                        2188.96             1402.38     4107.0000    -2420.4946     4107.0000    -2420.4946
  40.      uloc                        2188.96             1613.40     4107.0000     2971.6295     4107.0000     2971.6295
  40.      uloc                        2188.96             1217.29     4107.0000     1206.2948     4107.0000     1206.2948
  40.      uloc                        2188.96             1288.83     4107.0000    -1256.8771     4107.0000    -1256.8771
  40.      uloc                        2188.96             1200.47     4107.0000      647.8986     4107.0000      647.8986
  40.      uloc                        2188.96             1538.14     4107.0000    -2811.2027     4107.0000    -2811.2027
  40.      uloc                        2188.96             1182.60     4107.0000      503.7694     4107.0000      503.7694
  40.      uloc                        2188.96             1525.36     4107.0000    -3099.4612     4107.0000    -3099.4612
  40.      uloc                        2188.96             1539.99     4107.0000     2462.2301     4107.0000     2462.2301
  40.      uloc                        2188.96             3018.11     4107.0000     2841.7118     4107.0000     2841.7118
  39.      uloc                        2188.96             1264.10     2928.0000     9853.0668     2928.0000     9853.0668
  39.      uloc                        2188.96             1369.22     2928.0000    25424.6531     2928.0000    25424.6531
  40.      uloc                        2188.96             1183.34     4107.0000      302.5703     4107.0000      302.5703
  40.      uloc                        2188.96             1598.73     4107.0000    -3501.8593     4107.0000    -3501.8593
  40.      uloc                        2188.96             1197.08     4107.0000      144.0524     4107.0000      144.0524
  40.      uloc                        2188.96             1685.65     4107.0000    -3818.8951     4107.0000    -3818.8951
  40.      uloc                        2188.96             1199.51     4107.0000      -21.0704     4107.0000      -21.0704
  40.      uloc                        2188.96             1976.45     4107.0000    -4149.1408     4107.0000    -4149.1408
  40.      uloc                        2188.96             1971.27     4107.0000     1520.2286     4107.0000     1520.2286
  40.      uloc                        2188.96             1165.80     4107.0000      733.8461     4107.0000      733.8461
  40.      uloc                        2188.96             1366.89     4107.0000    -1711.7851     4107.0000    -1711.7851
  40.      uloc                        2188.96             1339.91     4107.0000     -130.3468     4107.0000     -130.3468
  40.      uloc                        2188.96             2807.81     4107.0000    -4171.9709     4107.0000    -4171.9709
  40.      uloc                        2188.96             1609.02     4107.0000      732.3054     4107.0000      732.3054
  40.      uloc                        2188.96             1487.59     4107.0000      583.1616     4107.0000      583.1616
  35.      uloc                        2188.96             1213.11     6393.0000    13760.3373     6393.0000    13760.3373
  35.      uloc                        2188.96             1284.61     6393.0000    26242.3978     6393.0000    26242.3978
  40.      uloc                        2188.96             1522.04     4107.0000     1987.9387     4107.0000     1987.9387
  40.      uloc                        2188.96             1496.32     4107.0000     2446.0705     4107.0000     2446.0705
  39.      uloc                        2188.96             1974.00     2928.0000     4602.5218     2928.0000     4602.5218
  40.      uloc                        2188.96             2359.56     4107.0000     2278.3280     4107.0000     2278.3280
  40.      uloc                        2188.96             1322.33     4107.0000     1314.0409     4107.0000     1314.0409
  40.      uloc                        2188.96             1492.43     4107.0000     -600.6073     4107.0000     -600.6073
  40.      uloc                        2188.96             1476.93     4107.0000      513.9778     4107.0000      513.9778
  40.      uloc                        2188.96             1156.47     4107.0000       79.2335     4107.0000       79.2335
  40.      uloc                        2188.96             3910.74     4107.0000    -2987.2994     4107.0000    -2987.2994
  40.      uloc                        2188.96             1671.21     4107.0000    -1049.8236     4107.0000    -1049.8236
  40.      uloc                        2188.96             1168.52     4107.0000       89.1222     4107.0000       89.1222
  40.      uloc                        2188.96             1162.82     4107.0000    -2629.0946     4107.0000    -2629.0946
  40.      uloc                        2188.96             1163.53     4107.0000     -968.9583     4107.0000     -968.9583
  33.      uloc                        2188.96             1666.35     5362.0000    18150.2760     5362.0000    18150.2760
  40.      uloc                        2188.96             1293.21     4107.0000     -734.8995     4107.0000     -734.8995
  40.      uloc                        2188.96             1118.98     4107.0000    10861.9994     4107.0000    10861.9994
  40.      uloc                        2188.96             1523.59     4107.0000    29816.3773     4107.0000    29816.3773
  40.      uloc                        2188.96             1253.45     4107.0000     -212.9437     4107.0000     -212.9437
  40.      uloc                        2188.96             1302.36     4107.0000    -1202.1995     4107.0000    -1202.1995
  40.      uloc                        2188.96             1167.86     4107.0000     -274.5339     4107.0000     -274.5339
  40.      uloc                        2188.96             1832.55     4107.0000    -3553.1409     4107.0000    -3553.1409
  35.      uloc                        2188.96             1206.93     6393.0000     6971.1724     6393.0000     6971.1724
  40.      uloc                        2188.96             2037.08     4107.0000     8673.1567     4107.0000     8673.1567
  40.      uloc                        2188.96             1919.92     4107.0000     1551.8697     4107.0000     1551.8697
  40.      uloc                        2188.96             1322.33     4107.0000     1314.0409     4107.0000     1314.0409
  40.      uloc                        2188.96             1497.53     4107.0000     -174.7851     4107.0000     -174.7851
  40.      uloc                        2188.96             1988.03     4107.0000      814.1660     4107.0000      814.1660
  40.      uloc                        2188.96             1240.47     4107.0000     1084.7195     4107.0000     1084.7195
  35.      uloc                        2188.96             1196.44     6393.0000     8667.6742     6393.0000     8667.6742
  40.      uloc                        2188.96             1289.19     4107.0000     1014.6895     4107.0000     1014.6895
  40.      uloc                        2188.96             1845.19     4107.0000     1060.2084     4107.0000     1060.2084
  40.      uloc                        2188.96             1383.38     4107.0000     1207.6192     4107.0000     1207.6192
  40.      uloc                        2188.96             1441.98     4107.0000      -23.7324     4107.0000      -23.7324
  37.      uloc                        2188.96             1257.10     6450.0000      318.8978     6450.0000      318.8978
  40.      uloc                        2188.96             1160.39     4107.0000     -121.9127     4107.0000     -121.9127
  40.      uloc                        2188.96             1519.70     4107.0000    -2774.9371     4107.0000    -2774.9371
  40.      uloc                        2188.96             1162.37     4107.0000     -889.4563     4107.0000     -889.4563
  40.      uloc                        2188.96             1688.47     4107.0000    -4940.7452     4107.0000    -4940.7452
  40.      uloc                        2188.96             1205.45     4107.0000      455.5303     4107.0000      455.5303
  40.      uloc                        2188.96             1657.17     4107.0000     -797.5331     4107.0000     -797.5331
  40.      uloc                        2188.96             3871.84     4107.0000       -9.0102     4107.0000       -9.0102
  40.      uloc                        2188.96             1118.78     4107.0000      519.3499     4107.0000      519.3499
  40.      uloc                        2188.96             1383.06     4107.0000     2141.7808     4107.0000     2141.7808
  35.      uloc                        2188.96             1346.89     6393.0000     8161.4109     6393.0000     8161.4109
  41.      uloc                        2188.96             1147.53     3756.0000     8313.8609     3756.0000     8313.8609
  40.      uloc                        2188.96             1461.48     4107.0000    -1967.8619     4107.0000    -1967.8619
  38.      uloc                        2188.96             1173.43     6136.0000    13660.4448     6136.0000    13660.4448
  38.      uloc                        2188.96             1380.01     6136.0000    26032.2266     6136.0000    26032.2266
  40.      uloc                        2188.96             1401.82     4107.0000     1452.8728     4107.0000     1452.8728
  40.      uloc                        2188.96             1258.43     4107.0000     -674.8496     4107.0000     -674.8496
  35.      uloc                        2188.96             1282.34     6393.0000     8788.2483     6393.0000     8788.2483
  40.      uloc                        2188.96             1724.10     4107.0000      710.8109     4107.0000      710.8109
  40.      uloc                        2188.96             1336.34     4107.0000      837.9695     4107.0000      837.9695
  39.      uloc                        2188.96             1321.96     2928.0000    -6673.7058     2928.0000    -6673.7058
  14.      uhomet 1                    2188.96             1219.59     5672.3345     8637.6703     5672.3345     8637.6703
  14.      uhomet 1                    2188.96             4174.47     5672.3345    12165.2808     5672.3345    12165.2808
  40.      uloc                        2188.96             1151.91     4107.0000      912.6637     4107.0000      912.6637
  40.      uloc                        2188.96             1956.36     4107.0000      617.7082     4107.0000      617.7082
  40.      uloc                        2188.96             1577.02     4107.0000     -803.6569     4107.0000     -803.6569
  40.      uloc                        2188.96             1249.61     4107.0000      -64.4233     4107.0000      -64.4233
  40.      uloc                        2188.96             2095.67     4107.0000    -2116.7853     4107.0000    -2116.7853
  40.      uloc                        2188.96             1500.39     4107.0000      407.4219     4107.0000      407.4219
  40.      uloc                        2188.96             1454.04     4107.0000     2714.4133     4107.0000     2714.4133
  40.      uloc                        2188.96             1577.02     4107.0000     -803.6569     4107.0000     -803.6569
  40.      uloc                        2188.96             1282.31     4107.0000       75.8606     4107.0000       75.8606
  35.      uloc                        2188.96             1135.49     6393.0000     9517.5091     6393.0000     9517.5091
  35.      uloc                        2188.96             1528.66     6393.0000    11403.8963     6393.0000    11403.8963
  40.      uloc                        2188.96             1793.28     4107.0000     -603.9356     4107.0000     -603.9356
  40.      uloc                        2188.96             1206.96     4107.0000      158.5659     4107.0000      158.5659
  35.      uloc                        2188.96             1302.13     6393.0000     8520.9145     6393.0000     8520.9145
  40.      uloc                        2188.96             1345.69     4107.0000     1516.2437     4107.0000     1516.2437
  39.      uloc                        2188.96             1245.83     2928.0000     9644.7261     2928.0000     9644.7261
  35.      uloc                        2188.96             1195.11     6393.0000     9900.6960     6393.0000     9900.6960
  40.      uloc                        2188.96             1464.56     4107.0000      761.9296     4107.0000      761.9296
  40.      uloc                        2188.96             1215.35     4107.0000      873.0209     4107.0000      873.0209
  40.      uloc                        2188.96             1511.60     4107.0000     -946.3601     4107.0000     -946.3601
  40.      uloc                        2188.96             1242.94     4107.0000       -1.5396     4107.0000       -1.5396
  40.      uloc                        2188.96             1520.48     4107.0000      307.0770     4107.0000      307.0770
  40.      uloc                        2188.96             1248.74     4107.0000      609.3687     4107.0000      609.3687
  40.      uloc                        2188.96             1427.88     4107.0000     -382.3105     4107.0000     -382.3105
  74.      cst                         2188.96             1093.20   -14810.5846   -17715.9554   -14810.5846   -17715.9554
  74.      cst                         2188.96             1649.18   -14810.5846   -21544.4538   -14810.5846   -21544.4538
  40.      uloc                        2188.96             1535.14     4107.0000      549.6660     4107.0000      549.6660
  40.      uloc                        2188.96             1228.26     4107.0000      740.7597     4107.0000      740.7597
  35.      uloc                        2188.96             1178.90     6393.0000     9643.4486     6393.0000     9643.4486
  40.      uloc                        2188.96             1342.81     4107.0000     2288.9117     4107.0000     2288.9117
  40.      uloc                        2188.96             1427.88     4107.0000     -382.3105     4107.0000     -382.3105
  40.      uloc                        2188.96             1117.10     4107.0000      285.4950     4107.0000      285.4950
  40.      uloc                        2188.96             1191.53     4107.0000     -270.7061     4107.0000     -270.7061
  35.      uloc                        2188.96             1098.08     6393.0000     8596.5844     6393.0000     8596.5844
  35.      uloc                        2188.96             1282.22     6393.0000     8302.6534     6393.0000     8302.6534
  40.      uloc                        2188.96             1310.85     4107.0000      856.6148     4107.0000      856.6148
  35.      uloc                        2188.96             1236.09     6393.0000     8087.1352     6393.0000     8087.1352
  40.      uloc                        2188.96             1274.82     4107.0000     1151.5567     4107.0000     1151.5567
  40.      uloc                        2188.96             1165.68     4107.0000      926.2369     4107.0000      926.2369
  40.      uloc                        2188.96             1109.36     4107.0000     1176.6647     4107.0000     1176.6647
  40.      uloc                        2188.96             1266.02     4107.0000     1515.3599     4107.0000     1515.3599
  40.      uloc                        2188.96             1302.87     4107.0000      864.1237     4107.0000      864.1237
  37.      uloc                        2188.96             1173.66     6450.0000    12405.6183     6450.0000    12405.6183
  40.      uloc                        2188.96             1123.30     4107.0000     2000.5845     4107.0000     2000.5845
  39.      uloc                        2188.96             1652.46     2928.0000     5434.8026     2928.0000     5434.8026
  36.      uloc                        2188.96             1052.93     2126.0000     7168.3456     2126.0000     7168.3456
  36.      uloc                        2188.96             1619.17     2126.0000    17865.8374     2126.0000    17865.8374
  40.      uloc                        2188.96             1395.33     4107.0000     2579.4336     4107.0000     2579.4336
  40.      uloc                        2188.96             1191.53     4107.0000     -270.7061     4107.0000     -270.7061
  35.      uloc                        2188.96             1280.53     6393.0000     9421.5008     6393.0000     9421.5008
  40.      uloc                        2188.96             1190.85     4107.0000      219.3339     4107.0000      219.3339
  40.      uloc                        2188.96             1144.91     4107.0000     1780.9188     4107.0000     1780.9188
  35.      uloc                        2188.96             1045.14     6393.0000     8278.3324     6393.0000     8278.3324
  39.      uloc                        2188.96             1625.35     2928.0000     4407.9912     2928.0000     4407.9912
  35.      uloc                        2188.96             1057.63     6393.0000     8661.6690     6393.0000     8661.6690
  40.      uloc                        2188.96             1278.46     4107.0000     7066.8958     4107.0000     7066.8958
  40.      uloc                        2188.96             1326.96     4107.0000      447.5886     4107.0000      447.5886
  35.      uloc                        2188.96             1302.13     6393.0000     8520.9145     6393.0000     8520.9145
  35.      uloc                        2188.96             1095.15     6393.0000     8843.5041     6393.0000     8843.5041
  35.      uloc                        2188.96             1583.91     6393.0000     9138.0463     6393.0000     9138.0463
  40.      uloc                        2188.96             1232.76     4107.0000     1717.8401     4107.0000     1717.8401
  40.      uloc                        2188.96             1352.02     4107.0000      538.1138     4107.0000      538.1138
  40.      uloc                        2188.96             1148.41     4107.0000      911.2877     4107.0000      911.2877
  40.      uloc                        2188.96             1153.45     4107.0000     1009.9926     4107.0000     1009.9926
  40.      uloc                        2188.96             1384.13     4107.0000     2652.2083     4107.0000     2652.2083
  40.      uloc                        2188.96             1156.10     4107.0000     1973.0504     4107.0000     1973.0504
  40.      uloc                        2188.96             1311.20     4107.0000      880.5786     4107.0000      880.5786
  40.      uloc                        2188.96             1119.98     4107.0000     1089.8940     4107.0000     1089.8940
  35.      uloc                        2188.96             1114.72     6393.0000     9507.0580     6393.0000     9507.0580
  35.      uloc                        2188.96             1122.64     6393.0000     8415.5071     6393.0000     8415.5071
  25.      kcst                        2188.96             1077.74      511.4396     2693.4339      511.4396     2693.4339
  35.      uloc                        2188.96             1151.42     6393.0000     3340.5673     6393.0000     3340.5673
  35.      uloc                        2188.96             1077.79     6393.0000     8790.7264     6393.0000     8790.7264
  40.      uloc                        2188.96             1200.23     4107.0000      228.1752     4107.0000      228.1752
  40.      uloc                        2188.96             1224.14     4107.0000    -1122.8386     4107.0000    -1122.8386
  39.      uloc                        2188.96             1202.68     2928.0000    -5970.9709     2928.0000    -5970.9709
  40.      uloc                        2188.96             1408.50     4107.0000      546.7537     4107.0000      546.7537
  40.      uloc                        2188.96             1176.62     4107.0000      908.2964     4107.0000      908.2964
  39.      uloc                        2188.96             1242.18     2928.0000     1795.0557     2928.0000     1795.0557
  35.      uloc                        2188.96             1091.47     6393.0000     9023.9104     6393.0000     9023.9104
  40.      uloc                        2188.96             1216.29     4107.0000    -1032.7264     4107.0000    -1032.7264
  39.      uloc                        2188.96             1207.07     2928.0000     9655.9948     2928.0000     9655.9948
  40.      uloc                        2188.96             1074.35     4107.0000     1783.3484     4107.0000     1783.3484
  74.      cst                         2188.96             1265.87   -14810.5846   -16387.7674   -14810.5846   -16387.7674
  40.      uloc                        2188.96             1080.20     4107.0000     1959.0507     4107.0000     1959.0507
  40.      uloc                        2188.96             1242.99     4107.0000    -1357.0248     4107.0000    -1357.0248
  38.      uloc                        2188.96             1094.75     6136.0000     1979.0915     6136.0000     1979.0915
  40.      uloc                        2188.96             1093.21     4107.0000     1687.1991     4107.0000     1687.1991
  37.      uloc                        2188.96             1134.47     6450.0000      796.8041     6450.0000      796.8041
  35.      uloc                        2188.96             1201.45     6393.0000     6916.2772     6393.0000     6916.2772
  14.      uhomet 1                    2188.96             1192.65     5672.3345     8554.5296     5672.3345     8554.5296
  40.      uloc                        2188.96             1237.33     4107.0000     -801.1572     4107.0000     -801.1572
  38.      uloc                        2188.96             1144.28     6136.0000     7293.1981     6136.0000     7293.1981
  35.      uloc                        2188.96             1206.37     6393.0000     6832.9871     6393.0000     6832.9871
  40.      uloc                        2188.96             1225.05     4107.0000    -1155.2696     4107.0000    -1155.2696
  40.      uloc                        2188.96             1087.44     4107.0000     2051.0882     4107.0000     2051.0882
  40.      uloc                        2188.96             1296.89     4107.0000    -1451.8964     4107.0000    -1451.8964
  40.      uloc                        2188.96             1167.95     4107.0000       -9.7040     4107.0000       -9.7040
  40.      uloc                        2188.96             1133.55     4107.0000     1915.3146     4107.0000     1915.3146
  39.      uloc                        2188.96             1204.37     2928.0000    -5799.7675     2928.0000    -5799.7675
  14.      uhomet 1                    2188.96             1196.31     5672.3345     8619.4661     5672.3345     8619.4661
  33.      uloc                        2188.96             1121.79     5362.0000      171.5776     5362.0000      171.5776
  40.      uloc                        2188.96             1218.68     4107.0000     -696.6060     4107.0000     -696.6060
  40.      uloc                        2188.96             1150.70     4107.0000     2265.8354     4107.0000     2265.8354
  39.      uloc                        2188.96             1189.20     2928.0000     2574.4724     2928.0000     2574.4724
  39.      uloc                        2188.96             1254.03     2928.0000     9702.5318     2928.0000     9702.5318
  39.      uloc                        2188.96             1096.52     2928.0000     5826.9570     2928.0000     5826.9570
  35.      uloc                        2188.96             1083.56     6393.0000     8702.2637     6393.0000     8702.2637
  40.      uloc                        2188.96             1193.39     4107.0000     -769.2229     4107.0000     -769.2229
  14.      uhomet 1                    2188.96             1196.31     5672.3345     8619.4661     5672.3345     8619.4661
  40.      uloc                        2188.96             1088.31     4107.0000     2581.9927     4107.0000     2581.9927
  35.      uloc                        2188.96             1226.82     6393.0000     7673.8389     6393.0000     7673.8389
  35.      uloc                        2188.96             1087.08     6393.0000     7966.4545     6393.0000     7966.4545
  40.      uloc                        2188.96             1175.12     4107.0000     -601.3173     4107.0000     -601.3173
  40.      uloc                        2188.96             1218.16     4107.0000     -612.6873     4107.0000     -612.6873
  39.      uloc                        2188.96             1189.20     2928.0000     2574.4724     2928.0000     2574.4724
  35.      uloc                        2188.96             1121.36     6393.0000     8459.9061     6393.0000     8459.9061
  35.      uloc                        2188.96             1136.32     6393.0000     7980.6092     6393.0000     7980.6092
  14.      uhomet 1                    2188.96             1177.56     5672.3345     8594.0171     5672.3345     8594.0171
  41.      uloc                        2188.96             1271.39     3756.0000     4707.1833     3756.0000     4707.1833
  35.      uloc                        2188.96             1086.84     6393.0000     7534.9080     6393.0000     7534.9080
  40.      uloc                        2188.96             1238.78     4107.0000       14.1014     4107.0000       14.1014
  40.      uloc                        2188.96             1117.81     4107.0000      990.6583     4107.0000      990.6583
  41.      uloc                        2188.96             1134.11     3756.0000     5167.6515     3756.0000     5167.6515
  14.      uhomet 1                    2188.96             1089.28     5672.3345     6920.6119     5672.3345     6920.6119
  35.      uloc                        2188.96             1200.15     6393.0000     8406.6319     6393.0000     8406.6319
  35.      uloc                        2188.96             1093.73     6393.0000     8304.4940     6393.0000     8304.4940
  40.      uloc                        2188.96             1143.94     4107.0000     -106.3589     4107.0000     -106.3589
  40.      uloc                        2188.96             1449.72     4107.0000     7003.6945     4107.0000     7003.6945
  35.      uloc                        2188.96             1180.61     6393.0000     7856.9003     6393.0000     7856.9003
  40.      uloc                        2188.96             1105.02     4107.0000     -220.8973     4107.0000     -220.8973
  35.      uloc                        2188.96             1130.17     6393.0000     9580.6229     6393.0000     9580.6229
  35.      uloc                        2188.96             1062.30     6393.0000     7267.5473     6393.0000     7267.5473
  40.      uloc                        2188.96             2056.94     4107.0000     8738.9885     4107.0000     8738.9885
  40.      uloc                        2188.96             1117.25     4107.0000      621.1925     4107.0000      621.1925
  35.      uloc                        2188.96             1067.62     6393.0000     8385.1421     6393.0000     8385.1421
  35.      uloc                        2188.96             1077.54     6393.0000     8073.9689     6393.0000     8073.9689
  14.      uhomet 1                    2188.96             1144.13     5672.3345     7387.4590     5672.3345     7387.4590
  35.      uloc                        2188.96             1148.82     6393.0000     8209.6434     6393.0000     8209.6434
  37.      uloc                        2188.96             1263.47     6450.0000    12189.6253     6450.0000    12189.6253
  37.      uloc                        2188.96             1111.55     6450.0000     9341.4200     6450.0000     9341.4200
  35.      uloc                        2188.96             1145.47     6393.0000    13418.6485     6393.0000    13418.6485
  35.      uloc                        2188.96             1103.15     6393.0000     8394.6734     6393.0000     8394.6734
  14.      uhomet 1                    2188.96             1189.26     5672.3345     8546.1999     5672.3345     8546.1999
  14.      uhomet 1                    2188.96             1068.79     5672.3345     7804.6665     5672.3345     7804.6665
  35.      uloc                        2188.96             1178.95     6393.0000     8953.0055     6393.0000     8953.0055
  35.      uloc                        2188.96             1088.22     6393.0000     8700.3423     6393.0000     8700.3423
  74.      cst                         2188.96             1033.31   -14810.5846   -16202.9123   -14810.5846   -16202.9123
  39.      uloc                        2188.96             2696.63     2928.0000     7397.0180     2928.0000     7397.0180
  35.      uloc                        2188.96             1116.05     6393.0000     8854.1668     6393.0000     8854.1668
  35.      uloc                        2188.96             1131.52     6393.0000     3225.9407     6393.0000     3225.9407
  14.      uhomet 1                    2188.96             1113.18     5672.3345     6941.4806     5672.3345     6941.4806
  41.      uloc                        2188.96             1186.41     3756.0000     1420.3174     3756.0000     1420.3174
  14.      uhomet 1                    2188.96             1055.64     5672.3345     7070.5564     5672.3345     7070.5564
  40.      uloc                        2188.96             1136.31     4107.0000      909.2503     4107.0000      909.2503
  38.      uloc                        2188.96             1176.86     6136.0000     8057.5152     6136.0000     8057.5152
  35.      uloc                        2188.96             1073.61     6393.0000     8164.3155     6393.0000     8164.3155
  35.      uloc                        2188.96             1057.18     6393.0000     8124.4482     6393.0000     8124.4482
  35.      uloc                        2188.96             1134.68     6393.0000     8212.7722     6393.0000     8212.7722
  40.      uloc                        2188.96             1136.31     4107.0000      909.2503     4107.0000      909.2503
  35.      uloc                        2188.96             1134.68     6393.0000     8212.7722     6393.0000     8212.7722
  40.      uloc                        2188.96             1062.65     4107.0000     1370.4625     4107.0000     1370.4625
  40.      uloc                        2188.96             1212.85     4107.0000    -5784.3172     4107.0000    -5784.3172
  40.      uloc                        2188.96             1119.93     4107.0000    -1622.7380     4107.0000    -1622.7380
  40.      uloc                        2188.96             1134.58     4107.0000      275.2096     4107.0000      275.2096
  14.      uhomet 1                    2188.96             1148.80     5672.3345     6862.3786     5672.3345     6862.3786
  14.      uhomet 1                    2188.96             1066.59     5672.3345     6988.7362     5672.3345     6988.7362
  35.      uloc                        2188.96             1207.52     6393.0000    13185.7515     6393.0000    13185.7515
  35.      uloc                        2188.96             1095.72     6393.0000    10695.7988     6393.0000    10695.7988
  35.      uloc                        2188.96             1121.72     6393.0000     8457.7815     6393.0000     8457.7815
  40.      uloc                        2188.96             1112.57     4107.0000     1559.5389     4107.0000     1559.5389
  35.      uloc                        2188.96             1123.76     6393.0000     8205.1825     6393.0000     8205.1825
  40.      uloc                        2188.96             1204.50     4107.0000     2364.8089     4107.0000     2364.8089
  35.      uloc                        2188.96             1091.65     6393.0000     8168.9915     6393.0000     8168.9915
  40.      uloc                        2188.96             1119.75     4107.0000     1990.6141     4107.0000     1990.6141
  35.      uloc                        2188.96             1123.76     6393.0000     8205.1825     6393.0000     8205.1825
  40.      uloc                        2188.96             1119.75     4107.0000     1990.6141     4107.0000     1990.6141
  33.      uloc                        2188.96             1126.10     5362.0000     9194.6026     5362.0000     9194.6026
  14.      uhomet 1                    2188.96             1178.94     5672.3345     6825.5939     5672.3345     6825.5939
  35.      uloc                        2188.96             1066.36     6393.0000     7791.3935     6393.0000     7791.3935
  35.      uloc                        2188.96             1120.55     6393.0000     8171.3682     6393.0000     8171.3682
  33.      uloc                        2188.96             1120.69     5362.0000      235.7241     5362.0000      235.7241
  14.      uhomet 1                    2188.96             1119.35     5672.3345     7068.7790     5672.3345     7068.7790
  40.      uloc                        2188.96             1073.62     4107.0000     7089.1402     4107.0000     7089.1402
  35.      uloc                        2188.96             1104.94     6393.0000     9685.1758     6393.0000     9685.1758
  14.      uhomet 1                    2188.96             1087.38     5672.3345     6742.8890     5672.3345     6742.8890
  33.      uloc                        2188.96             1131.29     5362.0000     9150.1210     5362.0000     9150.1210
  40.      uloc                        2188.96             1065.60     4107.0000     2082.5428     4107.0000     2082.5428
  40.      uloc                        2188.96             1139.76     4107.0000      794.2434     4107.0000      794.2434
  40.      uloc                        2188.96             1075.47     4107.0000     1777.1559     4107.0000     1777.1559
  40.      uloc                        2188.96             1129.89     4107.0000     1285.2909     4107.0000     1285.2909
  14.      uhomet 1                    2188.96             1119.35     5672.3345     7068.7790     5672.3345     7068.7790
  35.      uloc                        2188.96             1175.53     6393.0000     7872.8361     6393.0000     7872.8361
  35.      uloc                        2188.96             1075.40     6393.0000     8044.0916     6393.0000     8044.0916
  35.      uloc                        2188.96             1057.48     6393.0000     7396.0250     6393.0000     7396.0250
  35.      uloc                        2188.96             1109.84     6393.0000     8187.3969     6393.0000     8187.3969
  35.      uloc                        2188.96             1105.22     6393.0000     7476.8163     6393.0000     7476.8163
  40.      uloc                        2188.96             1134.93     4107.0000     1597.9421     4107.0000     1597.9421
  35.      uloc                        2188.96             1062.09     6393.0000     8386.7624     6393.0000     8386.7624
  35.      uloc                        2188.96             1115.43     6393.0000     8142.2408     6393.0000     8142.2408
  37.      uloc                        2188.96             1004.51     6450.0000     3924.7939     6450.0000     3924.7939
  37.      uloc                        2188.96             1126.23     6450.0000    -1491.8322     6450.0000    -1491.8322
  35.      uloc                        2188.96             1111.31     6393.0000     8192.9859     6393.0000     8192.9859
  35.      uloc                        2188.96             1115.43     6393.0000     8142.2408     6393.0000     8142.2408
  35.      uloc                        2188.96             1111.31     6393.0000     8192.9859     6393.0000     8192.9859
  35.      uloc                        2188.96             1123.69     6393.0000     8279.3374     6393.0000     8279.3374
  40.      uloc                        2188.96             1112.57     4107.0000     1559.5389     4107.0000     1559.5389
  35.      uloc                        2188.96             1115.43     6393.0000     8142.2408     6393.0000     8142.2408
  35.      uloc                        2188.96             1134.22     6393.0000     8277.2230     6393.0000     8277.2230
  35.      uloc                        2188.96             1070.64     6393.0000     8223.2606     6393.0000     8223.2606
  35.      uloc                        2188.96             1094.37     6393.0000     8199.7312     6393.0000     8199.7312
  35.      uloc                        2188.96             1116.48     6393.0000     8895.2771     6393.0000     8895.2771
  35.      uloc                        2188.96             1045.75     6393.0000     8540.6619     6393.0000     8540.6619
  40.      uloc                        2188.96             1101.08     4107.0000     1170.7141     4107.0000     1170.7141
  35.      uloc                        2188.96             1103.15     6393.0000     8394.6734     6393.0000     8394.6734
  40.      uloc                        2188.96             1101.08     4107.0000     1170.7141     4107.0000     1170.7141
  40.      uloc                        2188.96             1191.49     4107.0000     5896.4118     4107.0000     5896.4118
  35.      uloc                        2188.96             1037.83     6393.0000     7938.8335     6393.0000     7938.8335
  14.      uhomet 1                    2188.96             1121.93     5672.3345     6807.6885     5672.3345     6807.6885
  14.      uhomet 1                    2188.96             1036.39     5672.3345     6920.2045     5672.3345     6920.2045
  35.      uloc                        2188.96             1097.92     6393.0000     8268.4775     6393.0000     8268.4775
  39.      uloc                        2188.96             1081.00     2928.0000     -512.3150     2928.0000     -512.3150
  14.      uhomet 1                    2188.96             1086.07     5672.3345     7351.2759     5672.3345     7351.2759
  14.      uhomet 1                    2188.96             1140.04     5672.3345     7053.7070     5672.3345     7053.7070
  14.      uhomet 1                    2188.96             1067.62     5672.3345     7046.5442     5672.3345     7046.5442
  40.      uloc                        2188.96             1092.25     4107.0000     1347.5880     4107.0000     1347.5880
  74.      cst                         2188.96             1024.28   -14810.5846   -16362.1469   -14810.5846   -16362.1469
  14.      uhomet 1                    2188.96             1108.64     5672.3345     7426.1608     5672.3345     7426.1608
  14.      uhomet 1                    2188.96             1056.35     5672.3345     7242.2934     5672.3345     7242.2934
  35.      uloc                        2188.96             1087.57     6393.0000     8286.9629     6393.0000     8286.9629
  38.      uloc                        2188.96              972.50     6136.0000    12149.0242     6136.0000    12149.0242
  38.      uloc                        2188.96             1151.97     6136.0000    22318.9570     6136.0000    22318.9570
  14.      uhomet 1                    2188.96             1061.41     5672.3345     7658.3678     5672.3345     7658.3678
  35.      uloc                        2188.96             1097.30     6393.0000     8258.7680     6393.0000     8258.7680
  40.      uloc                        2188.96             1092.25     4107.0000     1347.5880     4107.0000     1347.5880
  40.      uloc                        2188.96             1051.84     4107.0000     1733.6325     4107.0000     1733.6325
  35.      uloc                        2188.96             1089.82     6393.0000     8299.4930     6393.0000     8299.4930
  35.      uloc                        2188.96             1084.73     6393.0000    10676.9097     6393.0000    10676.9097
  35.      uloc                        2188.96             1055.53     6393.0000     8104.9469     6393.0000     8104.9469
  35.      uloc                        2188.96             1078.47     6393.0000     9368.4404     6393.0000     9368.4404
  35.      uloc                        2188.96             1023.20     6393.0000     8061.7535     6393.0000     8061.7535
  40.      uloc                        2188.96             1076.01     4107.0000     1906.3421     4107.0000     1906.3421
  36.      uloc                        2188.96             1093.81     2126.0000     3288.1203     2126.0000     3288.1203
  35.      uloc                        2188.96             1091.47     6393.0000     9023.9104     6393.0000     9023.9104
  40.      uloc                        2188.96             1056.96     4107.0000     2805.6578     4107.0000     2805.6578
  35.      uloc                        2188.96             1079.52     6393.0000     9372.7650     6393.0000     9372.7650
  36.      uloc                        2188.96             1080.84     2126.0000     3297.8899     2126.0000     3297.8899
  40.      uloc                        2188.96             1089.33     4107.0000     1322.6037     4107.0000     1322.6037
  40.      uloc                        2188.96             1035.62     4107.0000     2201.9118     4107.0000     2201.9118
  35.      uloc                        2188.96             1042.61     6393.0000     8371.4781     6393.0000     8371.4781
  35.      uloc                        2188.96             1033.29     6393.0000     8837.8817     6393.0000     8837.8817
  14.      uhomet 1                    2188.96             1014.24     5672.3345     7524.0377     5672.3345     7524.0377
  14.      uhomet 1                    2188.96             1068.71     5672.3345     7405.2855     5672.3345     7405.2855
  35.      uloc                        2188.96             1148.73     6393.0000     7457.0781     6393.0000     7457.0781
  35.      uloc                        2188.96             1041.59     6393.0000     7768.3745     6393.0000     7768.3745
  14.      uhomet 1                    2188.96             1071.37     5672.3345     6786.3779     5672.3345     6786.3779
  14.      uhomet 1                    2188.96             1076.20     5672.3345     7081.4381     5672.3345     7081.4381
  35.      uloc                        2188.96             1157.12     6393.0000     7941.4359     6393.0000     7941.4359
  35.      uloc                        2188.96             1049.25     6393.0000     7974.5691     6393.0000     7974.5691
  40.      uloc                        2188.96             1092.04     4107.0000     2659.8513     4107.0000     2659.8513
  14.      uhomet 1                    2188.96             1034.48     5672.3345     6941.5117     5672.3345     6941.5117
  39.      uloc                        2188.96             1067.28     2928.0000     5828.4617     2928.0000     5828.4617
  35.      uloc                        2188.96             1073.06     6393.0000     8553.4906     6393.0000     8553.4906
  25.      kcst                        2188.96             1021.37      511.4396    -1880.6454      511.4396    -1880.6454
  40.      uloc                        2188.96             1071.52     4107.0000     1868.4030     4107.0000     1868.4030
  36.      uloc                        2188.96             1022.43     2126.0000     3500.9712     2126.0000     3500.9712
  14.      uhomet 1                    2188.96             1038.62     5672.3345     7136.1590     5672.3345     7136.1590
  14.      uhomet 1                    2188.96             1040.61     5672.3345     7213.9979     5672.3345     7213.9979
  14.      uhomet 1                    2188.96             1021.42     5672.3345     7131.3234     5672.3345     7131.3234
  38.      uloc                        2188.96             1004.16     6136.0000     7721.3598     6136.0000     7721.3598
  40.      uloc                        2188.96             1077.99     4107.0000     -851.6672     4107.0000     -851.6672
  40.      uloc                        2188.96             1042.64     4107.0000     1133.5346     4107.0000     1133.5346
  14.      uhomet 1                    2188.96             1050.53     5672.3345     7259.3102     5672.3345     7259.3102
  35.      uloc                        2188.96             1031.33     6393.0000     7789.7862     6393.0000     7789.7862
  35.      uloc                        2188.96             1051.92     6393.0000     9025.9833     6393.0000     9025.9833
  36.      uloc                        2188.96             1080.60     2126.0000     3697.9970     2126.0000     3697.9970
  14.      uhomet 1                    2188.96             1013.30     5672.3345     6911.7713     5672.3345     6911.7713
  14.      uhomet 1                    2188.96             1062.02     5672.3345     7099.6708     5672.3345     7099.6708
  35.      uloc                        2188.96             1151.92     6393.0000    10212.8325     6393.0000    10212.8325
  35.      uloc                        2188.96             1055.54     6393.0000     9062.4307     6393.0000     9062.4307
  35.      uloc                        2188.96              976.69     6393.0000     8300.4605     6393.0000     8300.4605
  36.      uloc                        2188.96             1112.22     2126.0000     3609.8886     2126.0000     3609.8886
  14.      uhomet 1                    2188.96             1029.77     5672.3345     7017.7483     5672.3345     7017.7483
  39.      uloc                        2188.96             1064.32     2928.0000     -338.6557     2928.0000     -338.6557
  35.      uloc                        2188.96             1017.93     6393.0000     8160.4557     6393.0000     8160.4557
  35.      uloc                        2188.96             1024.70     6393.0000     8340.6890     6393.0000     8340.6890
  35.      uloc                        2188.96             1027.67     6393.0000     8186.9611     6393.0000     8186.9611
  36.      uloc                        2188.96             1117.74     2126.0000     4008.1759     2126.0000     4008.1759
  36.      uloc                        2188.96             1023.31     2126.0000     3425.6458     2126.0000     3425.6458
  33.      uloc                        2188.96             1015.62     5362.0000     2888.9040     5362.0000     2888.9040
  35.      uloc                        2188.96             1088.69     6393.0000     8674.5571     6393.0000     8674.5571
