   1.3547552207560947     
  -2.0654956442967642     
   3.0551547926921980     
  -102.60000000000036     
   1.3949691915798788     
  0.99233266400032194     
   1.8948000856536127     
  -99.699999999999548     
   3.6489317872715925     
  0.81867457441994140     
   3.0768803052957567     
  -2.2865394709454905     
   1.5400000000000031     
   7000.0000000000000     
   7000.0000000000000     
  -1.9204888245272498     
   0.0000000000000000     
   0.0000000000000000     
   0.0000000000000000     
  -1.2210000000000067     
  -2.0000000000000000     
   0.0000000000000000     
   0.0000000000000000     
   7000.0000000000000     
   354.60000000000036     
   1.5000000000000000     
  -5.6781407191202966     
  -3.4843401925861275     
  -8.2267702421723836     
   4.3417595467990289     
  -13.551151322636183     
  -3.9490000000000185     
   5362.0000000000000     
   0.0000000000000000     
   6393.0000000000000     
   2126.0000000000000     
   6450.0000000000000     
   6136.0000000000000     
   2928.0000000000000     
   4107.0000000000000     
   3756.0000000000000     
   9.3337648030307474E-003
  0.27857194891566256     
  0.26554847467680132     
  0.17267001525288930     
 -0.24859999999999954     
 -0.12332755496981662     
  0.16219424992182593     
  0.13078092064182514     
   7.3043764292348531E-002
 -0.36641513226362438     
 -0.50891515665713771     
   0.0000000000000000     
   8.9849752353861750E-002
  -3.0631416902519477E-002
  -5.7070985937772691E-002
  0.15753435398798893     
 -0.71160000000000001     
 -0.10110150867816527     
  0.28728422397402015     
   8.3210920641825337E-002
  -1.4753583442702643E-002
 -0.58804408893095317     
  -1.1786690793581709     
   7000.0000000000000     
  -1.2389999999999952     
  -1.1589999999999991     
  -2.1419999999999955     
  -1.9820000000000000     
 -0.38069999999999965     
 -0.32520000000000121     
   9.2689572122340458     
   8.7812742324237600     
  -16720.000000000000     
  -6.0000000000000000     
 -0.46816994313725319     
  -2.7944431238982061     
   9.3955411718214670     
   8.8039685024509140     
  -19690.000000000000     
  -6.0000000000000000     
  0.54490393743746512     
 -0.21828975654688193     
   8.9321078941891283     
   9.1241078941891214     
  -19440.000000000000     
  -6.0000000000000000     
 -0.97624528487090689     
 -0.68433723533078217     
   9.0781381026954584     
   8.7863499861275809     
  -18910.000000000000     
  -6.0000000000000000     
