   3.6576393678975063     
  -2.5526437014454872     
   3.1397806701767292     
  -102.60000000000019     
  0.80932969193140125     
  0.44562608009860510     
   1.2167860821898118     
  -99.699999999997871     
   5.0968567100643067     
  0.78955905414408178     
   2.9639553316246863     
  -2.4290801063213623     
   1.5400000000000098     
   7000.0000000000000     
   7000.0000000000000     
  -2.0792663886511686     
   0.0000000000000000     
   0.0000000000000000     
   0.0000000000000000     
  -1.2210000000000338     
  -2.0000000000000000     
   0.0000000000000000     
   0.0000000000000000     
   7000.0000000000000     
   354.60000000000105     
   1.5000000000000000     
  -5.3620162212589069     
  -6.8912993726192155     
  -7.7661198946799290     
   7.8308693087339210     
  -12.730632918914221     
  -3.9490000000000691     
   5362.0000000000000     
   0.0000000000000000     
   6393.0000000000000     
   2126.0000000000000     
   6450.0000000000000     
   6136.0000000000000     
   2928.0000000000000     
   4107.0000000000000     
   3756.0000000000000     
   3.6376223594787871E-002
  0.15982256433320374     
   6.6338148187706322E-002
   7.9093791317955117E-002
 -0.24859999999999954     
  0.32971366071335184     
  0.21465671275080300     
  0.15711287273999133     
   7.8353849495343408E-002
 -0.92029072110005639     
 -0.49040826581475111     
   0.0000000000000000     
  0.13356493163315222     
  0.11075987082936653     
  0.20140764590196272     
  0.23584549916961123     
 -0.71160000000000001     
  0.14428495705711181     
  0.41446738907206487     
  0.17279116973488934     
   1.4973206674023409E-002
 -0.47561286852698442     
  -1.4661399542448907     
   7000.0000000000000     
  -2.2387843587488563     
  -1.1637953687843721     
  -2.1419999999999768     
  -1.9819999999999973     
 -0.38069999999999754     
 -0.32520000000000154     
   9.6172237460900334     
   8.5378205921166419     
  -16720.000000000000     
  -6.0000000000000000     
 -0.21025359237415597     
  -2.3488815666238860     
   8.7362004275962608     
   9.1569028524942464     
  -19690.000000000000     
  -6.0000000000000000     
  0.49685125409747966     
 -0.13102945774174210     
   8.9039647453833748     
   8.8930341505514470     
  -19440.000000000000     
  -6.0000000000000000     
 -0.28708493335094953     
 -0.28472495050303481     
   9.7600657491451095     
   8.9456429543474165     
  -18910.000000000000     
  -6.0000000000000000     
