   3.5263692942007339     
  -2.9689814775574801     
   4.3479145251755291     
  -102.59999999999965     
  0.32928119462669758     
   6.0521679648568361E-002
   1.0935974341825623     
  -99.699999999997857     
   5.1889668561895554     
  0.90023467650668754     
   3.4335813392547365     
  -2.2769118848090746     
   1.5400000000000373     
   5717.5041618875302     
   7000.0000000000000     
  -2.0333856169283560     
   0.0000000000000000     
   0.0000000000000000     
   0.0000000000000000     
  -1.2210000000000480     
  -2.1257210347298239     
   0.0000000000000000     
   0.0000000000000000     
   7000.0000000000000     
   457.66248656849803     
  -1.4493793582220926     
  -5.5697789889412270     
  -7.9643626486196961     
  -8.2441186935796384     
   8.9899787619743279     
  -6.0186228166781479     
  -3.9490000000000691     
   5362.0000000000000     
   0.0000000000000000     
   6393.0000000000000     
   2126.0000000000000     
   6450.0000000000000     
   6136.0000000000000     
   2928.0000000000000     
   4107.0000000000000     
   3756.0000000000000     
   6.8667751762764850E-002
  0.11449662512199360     
   7.1160864803700485E-002
  0.22075321845680546     
 -0.24860000000000021     
  0.23949335746291961     
  0.19666550028247159     
  0.25318826811453377     
  0.13490762037981305     
  -1.0074251538407113     
  -1.0254836270130026     
   0.0000000000000000     
   8.7080000280154835E-002
   5.9822107942044914E-002
  0.13098320846217004     
  0.17351589860761085     
 -0.71159999999998913     
  0.20409501230581523     
  0.21453525014145031     
  0.12737503621779739     
  0.18379165851287080     
 -0.53166943847103587     
  -1.4590165441905207     
   7000.0000000000000     
  -1.7950998563481415     
  -1.5597552439353524     
  -2.1419999999999488     
  -1.9820000000000033     
 -0.38069999999999737     
 -0.32520000000000104     
   9.6120223308938453     
   8.5081208456598070     
  -14944.517195011675     
  -5.3919674424182418     
  0.10027444734153645     
  -2.4837920699071852     
   8.8976172380327174     
   9.0654771384635424     
  -19690.000000000000     
  -6.0000000000000000     
  0.42821068349613089     
   1.8727845807490720E-002
   8.9743968003491830     
   8.9989682999274709     
  -19440.000000000000     
  -6.0000000000000000     
  -1.1234395311218641     
 -0.74669356311000956     
   9.7856942586012430     
   9.3344847388284329     
  -18910.000000000000     
  -6.0000000000000000     
