  0.47271369952508913     
  -3.7794383912672620     
   2.6435504299649746     
  -102.60000000000002     
  0.20962119660552136     
  0.61769108741505474     
  0.83137619530641160     
  -99.699999999997246     
   5.3353312534858315     
   1.4645948915815830     
   2.3361962459894583     
  -2.7051397623578901     
   1.5400000000000000     
   7794.1501360004859     
   7000.0000000000000     
   1.8477207396641961     
   0.0000000000000000     
   0.0000000000000000     
   0.0000000000000000     
  -1.2210000000000436     
  -2.6321228466726665     
   0.0000000000000000     
   0.0000000000000000     
   7000.0000000000000     
  -11.318351816317545     
   1.9663277269516828     
  -4.3981505790129756     
  -7.0957531292730378     
  -8.5540555548447976     
   8.9169155374910041     
  -14.274212313911931     
  -7.3007404192374992     
   5362.0000000000000     
   0.0000000000000000     
   6393.0000000000000     
   2126.0000000000000     
   6450.0000000000000     
   6136.0000000000000     
   2928.0000000000000     
   4107.0000000000000     
   3756.0000000000000     
   1.1049999999999987E-002
  0.25440000000000701     
  -3.3479999999999129E-002
  0.15099999999999450     
 -0.24859999999999643     
 -0.14459999999999490     
  0.13940000000000388     
   8.0449999999998800E-002
   9.1569999999999416E-002
 -0.37981700110829930     
 -0.88154299253550905     
   0.0000000000000000     
   8.4569999999996898E-002
  -3.9309999999999554E-002
  -4.6969999999999359E-002
  0.14310000000000417     
 -0.71160000000000800     
 -0.11409999999999838     
  0.26950000000000657     
   3.2880000000000430E-002
   1.5249999999999732E-003
 -0.39693475806618328     
  -1.0645197013276475     
   7000.0000000000000     
  -2.0971436780849397     
  -2.3076348389689754     
  -2.0117497725585904     
  -1.9190436206636250     
 -0.38069999999998877     
 -0.32520000000000832     
   9.2903670086177907     
   8.8562754751187800     
  -14969.265964760365     
  -5.0757909972198449     
 -0.69163525645931667     
  -4.2881960874570559     
   9.3496103220238691     
   8.8517392661433068     
  -19690.000000000000     
  -6.0000000000000000     
  0.48407284329364164     
  0.10922753570979493     
   9.0597644560731965     
   8.9413049844837360     
  -19440.000000000000     
  -6.0000000000000000     
  -1.6898515433705938     
  -1.0777028497837460E-002
   9.1034495971065379     
   8.7635099799943248     
  -18910.000000000000     
  -6.0000000000000000     
