 neval,hmin,hmean,hstd so far from pnmead are:
         309   1305.6955174332809        1491.8491689456562        67.408374650873384     

 parameters that correspond to hminvalue so far are:
  0.86410234902489291     
  -2.5528976509751096     
   3.3463779206539916     
  -102.60000000000034     
  0.96313658902489863     
  0.40090234902489785     
  0.95710234902490621     
  -99.699999999999264     
   3.6421740144823205     
  0.97134904677671219     
   1.7061023490248814     
  -1.6749416860813082     
   1.5400000000000036     
   7000.0000000000000     
   7000.0000000000000     
  -2.1997690036494699     
   0.0000000000000000     
   0.0000000000000000     
   0.0000000000000000     
  -1.2210000000000143     
  -2.0000000000000000     
   0.0000000000000000     
   0.0000000000000000     
   7000.0000000000000     
   354.60000000000070     
   1.5000000000000000     
  -7.6513285329408127     
  -5.4827058989727373     
  -7.5047558725622796     
   7.5402441274378056     
  -13.262755872562167     
  -3.9490000000000283     
   5362.0000000000000     
   0.0000000000000000     
   6393.0000000000000     
   2126.0000000000000     
   6450.0000000000000     
   6136.0000000000000     
   2928.0000000000000     
   4107.0000000000000     
   3756.0000000000000     
  -2.2132100443663202E-002
  0.19937565847212640     
  -2.0918693793734573E-002
   8.5966684955512934E-002
 -0.24859999999999899     
  -7.6965352353733751E-002
  0.15611624764626644     
  0.14808464764626469     
   6.2265466790564508E-002
 -0.56059565618025375     
  -1.9272755872562244     
   0.0000000000000000     
   4.7355229632739054E-002
  -2.0635352353734579E-002
   2.0664647646265438E-002
  0.21073464764626670     
 -0.71160000000000045     
  -4.6465352353734571E-002
  0.33713464764626772     
   7.3687605639623815E-002
   6.9159647646265227E-002
 -0.53976535235372880     
  -1.1613653523537284     
   7000.0000000000000     
 -0.23900000000000132     
 -0.65899999999999692     
  -2.1419999999999910     
  -1.9819999999999973     
 -0.38069999999999798     
 -0.32520000000000243     
   9.1429726894971637     
   8.7244025806089471     
  -16720.000000000000     
  -6.0000000000000000     
 -0.20335117451244961     
  -2.1555511745124512     
   9.4441795301949440     
   8.7941272868377780     
  -19690.000000000000     
  -6.0000000000000000     
  0.81004882548755752     
 -0.14385117451245205     
   8.9551795301950659     
   9.1471795301950518     
  -19440.000000000000     
  -6.0000000000000000     
 -0.42345117451245318     
 -0.40775117451244602     
   9.1661795301950804     
   8.8671795301949583     
  -18910.000000000000     
  -6.0000000000000000     
