   1.      emp,cur,m                    119.70              119.70        1.3150        1.3150        0.7685        0.7685
   1.      emp,cur,m                    119.70              119.70        1.3150        1.3150        0.7685        0.7685
   1.      emp,cur,m                    119.70              125.09        1.3150       -0.6850        0.7685        0.3100
   2.      emp,cur,m                    119.70              119.99       -2.1020       -4.1020        0.0252        0.0035
   3.      emp,of,m                     119.70              129.72        3.0110        1.0110        0.9531        0.7332
   5.      emp,cur,f                    119.70              118.73        1.0610       -0.9390        0.4635        0.1047
   6.      emp,cur,f                    119.70              142.91        0.8518       -1.1482        0.3760        0.0754
   7.      emp,of,f                     119.70              127.91        1.4080       -0.5920        0.8035        0.3562
   9.      u,cur,m                      119.70              124.47        3.5520        1.5520        0.9721        0.8252
  10.      u,of,m                       119.70              128.36        0.4588       -1.5412        0.6127        0.1764
  11.      u,cur,f                      119.70              122.71        2.1570        0.1570        0.8963        0.5392
  12.      u,of,f                       119.70              119.28       -1.9510       -3.9510        0.1244        0.0189
  14.      uhomet 1                     119.70              235.73     7000.0000    10500.0000     7000.0000    10500.0000
  16.      p(ex=2|ex=1),e               119.70              121.02        0.0011        1.0011        0.5003        0.7313
  21.      pmeet                        119.70              123.18       -2.0000       -1.0000        0.1192        0.2689
  25.      kcst                         119.70              122.38      354.6000     2354.6000      354.6000     2354.6000
  26.      divpenalty                   119.70              119.06        1.5000        2.5000    -4087.8724    -4620.7091
  27.      alphaed(m,ned)               119.70              121.68       -5.9650       -0.9650       25.6047     2758.7823
  28.      alphaed(f,ned)               119.70              152.48       -3.6180        1.3820      261.3493     7993.1202
  29.      alphaed(m,ed)                119.70              119.71       -8.6320       -3.6320        1.7828      257.8096
  30.      alphaed(f,ed)                119.70              119.65        6.4130       11.4130     9983.6259     9999.8895
  31.      alphakid(m)                  119.70              119.71      -14.3900       -9.3900        0.0056        0.8355
  32.      alphakid(f)                  119.70              134.55       -3.9490        1.0510      189.0950     7409.6688
  51.      alf11                        119.70              120.88       -0.4503        0.0497        0.3893        0.5124
  52.      alf12                        119.70              124.02       -0.6701       -0.1701        0.3385        0.4576
  63.      alf21                        119.70              119.10       -0.6074       -0.3074        0.3527        0.4237
  64.      alf22                        119.70              121.00       -1.2290       -0.9290        0.2264        0.2831
  66.      sig_wge                      119.70              187.38       -1.2390       -0.2390        0.2246        0.4405
  67.      sig_wge                      119.70              147.50       -1.1590       -0.1590        0.2388        0.4603
  68.      sigo_m                       119.70              145.12       -2.1420       -1.6420    31524.3488    48657.9318
  69.      sigo_f                       119.70              808.02       -1.9820       -1.4820    36331.7394    55537.6563
  72.      alf1t                        119.70              125.75        9.2040        9.5040        9.2040        9.5040
  73.      alf2t                        119.70              123.81        8.7200        9.0200        8.7200        9.0200
  74.      cst                          119.70              132.72   -16720.0000   -21720.0000   -16720.0000   -21720.0000
  75.      mu_mar                       119.70              124.89       -6.0000       -4.0000      123.6312      899.3105
  76.      ptypehs                      119.70              121.02       -0.4288        0.5712        0.1641        0.3480
  77.      ptypecol                     119.70              119.66       -2.3810       -1.3810        0.0399        0.1016
  78.      alf1t                        119.70              122.11        9.3540        9.6540        9.3540        9.6540
  79.      alf2t                        119.70              121.13        8.8080        9.1080        8.8080        9.1080
  82.      ptypehs                      119.70              124.41        0.5846        1.5846        0.4522        0.6917
  83.      ptypecol                     119.70              119.93       -0.3693        0.6307        0.2986        0.5365
  84.      alf1t                        119.70              125.05        8.8650        9.1650        8.8650        9.1650
  85.      alf2t                        119.70              130.29        9.0570        9.3570        9.0570        9.3570
  88.      ptypehs                      119.70              118.37       -0.6489        0.3511        0.1317        0.2919
  89.      ptypecol                     119.70              120.84       -0.6332        0.3668        0.2294        0.4472
  90.      alf1t                        119.70              122.02        9.0760        9.3760        9.0760        9.3760
  91.      alf2t                        119.70              120.35        8.7770        9.0770        8.7770        9.0770
  74.      cst                          119.70              160.91   -16720.0000   -16942.2222   -16720.0000   -16942.2222
  74.      cst                          119.70              117.53   -16720.0000   -16952.0988   -16720.0000   -16952.0988
  74.      cst                          119.70              130.20   -16720.0000   -17184.1975   -16720.0000   -17184.1975
  14.      uhomet 1                     119.70              203.36     7000.0000     3514.1344     7000.0000     3514.1344
  14.      uhomet 1                     119.70              376.18     7000.0000    -3471.7311     7000.0000    -3471.7311
  74.      cst                          119.70              125.53   -16720.0000   -16973.1882   -16720.0000   -16973.1882
  74.      cst                          119.70              135.36   -16720.0000   -17226.3765   -16720.0000   -17226.3765
  74.      cst                          119.70              135.32   -16720.0000   -11762.2188   -16720.0000   -11762.2188
  74.      cst                          119.70              810.30   -16720.0000   -16309.7742   -16720.0000   -16309.7742
  74.      cst                          119.70              143.78   -16720.0000   -16467.8862   -16720.0000   -16467.8862
  74.      cst                          119.70              119.61   -16720.0000   -16520.7914   -16720.0000   -16520.7914
  74.      cst                          119.70              128.93   -16720.0000   -16321.5828   -16720.0000   -16321.5828
  74.      cst                          119.70              119.69   -16720.0000   -16511.9377   -16720.0000   -16511.9377
  74.      cst                          119.70              125.39   -16720.0000   -16303.8754   -16720.0000   -16303.8754
  14.      uhomet 1                     119.70              217.53     7000.0000    10456.1027     7000.0000    10456.1027
  14.      uhomet 1                     119.70              125.77     7000.0000     7308.5319     7000.0000     7308.5319
  14.      uhomet 1                     119.70              140.49     7000.0000     7793.8949     7000.0000     7793.8949
  74.      cst                          119.70              124.14   -16720.0000   -16478.8445   -16720.0000   -16478.8445
  74.      cst                          119.70              118.47   -16720.0000   -16468.1265   -16720.0000   -16468.1265
  74.      cst                          119.70              118.95   -16720.0000   -16216.2529   -16720.0000   -16216.2529
  74.      cst                          119.70              120.91   -16720.0000   -16456.9321   -16720.0000   -16456.9321
  74.      cst                          119.70              120.25   -16720.0000   -16193.8641   -16720.0000   -16193.8641
  14.      uhomet 1                     119.70              120.10     7000.0000     7349.5574     7000.0000     7349.5574
  14.      uhomet 1                     119.70              134.00     7000.0000     7868.4212     7000.0000     7868.4212
  14.      uhomet 1                     119.70              202.06     7000.0000     3586.0797     7000.0000     3586.0797
  74.      cst                          119.70              121.29   -16720.0000   -16469.1769   -16720.0000   -16469.1769
  74.      cst                          119.70              127.11   -16720.0000   -16218.3537   -16720.0000   -16218.3537
  74.      cst                          119.70              122.56   -16720.0000   -16458.0292   -16720.0000   -16458.0292
  74.      cst                          119.70              126.77   -16720.0000   -16196.0583   -16720.0000   -16196.0583
  14.      uhomet 1                     119.70              212.76     7000.0000    10446.1488     7000.0000    10446.1488
  74.      cst                          119.70              119.34   -16720.0000   -16415.1142   -16720.0000   -16415.1142
  74.      cst                          119.70              117.75   -16720.0000   -16110.2285   -16720.0000   -16110.2285
  74.      cst                          119.70              121.16   -16720.0000   -16388.0133   -16720.0000   -16388.0133
  74.      cst                          119.70              117.45   -16720.0000   -16056.0265   -16720.0000   -16056.0265
  74.      cst                          119.70              120.01   -16720.0000   -16358.5033   -16720.0000   -16358.5033
  74.      cst                          119.70              116.61   -16720.0000   -15997.0067   -16720.0000   -15997.0067
  74.      cst                          119.70              120.66   -16720.0000   -16326.3703   -16720.0000   -16326.3703
  74.      cst                          119.70              118.11   -16720.0000   -15932.7406   -16720.0000   -15932.7406
  74.      cst                          119.70              120.81   -16720.0000   -16291.3810   -16720.0000   -16291.3810
  74.      cst                          119.70              123.82   -16720.0000   -15862.7620   -16720.0000   -15862.7620
  74.      cst                          119.70              119.77   -16720.0000   -16272.3313   -16720.0000   -16272.3313
  74.      cst                          119.70              117.63   -16720.0000   -15824.6625   -16720.0000   -15824.6625
  14.      uhomet 1                     119.70              199.17     7000.0000     3697.0978     7000.0000     3697.0978
  74.      cst                          119.70              119.85   -16720.0000   -16255.6958   -16720.0000   -16255.6958
  74.      cst                          119.70              122.75   -16720.0000   -15791.3916   -16720.0000   -15791.3916
   1.      emp,cur,m                    119.70              125.09        1.3150       -0.6850        0.7685        0.3100
  74.      cst                          119.70              143.16   -16720.0000   -17184.3042   -16720.0000   -17184.3042
  14.      uhomet 1                     119.70              212.76     7000.0000    10446.1488     7000.0000    10446.1488
  14.      uhomet 1                     119.70              134.83     7000.0000     8758.8861     7000.0000     8758.8861
  74.      cst                          119.70              119.62   -16720.0000   -16238.3278   -16720.0000   -16238.3278
  74.      cst                          119.70              117.79   -16720.0000   -15756.6556   -16720.0000   -15756.6556
  74.      cst                          119.70              144.27   -16720.0000   -16195.5125   -16720.0000   -16195.5125
  74.      cst                          119.70              141.53   -16720.0000   -16172.2020   -16720.0000   -16172.2020
  74.      cst                          119.70              114.13   -16720.0000   -16147.8554   -16720.0000   -16147.8554
  74.      cst                          119.70              110.50   -16720.0000   -15575.7108   -16720.0000   -15575.7108
  74.      cst                          119.70              120.68   -16720.0000   -16646.5177   -16720.0000   -16646.5177
  14.      uhomet 1                     119.70              127.22     7000.0000     6592.8161     7000.0000     6592.8161
  74.      cst                          119.70              119.40   -16720.0000   -16117.1160   -16720.0000   -16117.1160
  74.      cst                          119.70              129.91   -16720.0000   -15514.2320   -16720.0000   -15514.2320
  14.      uhomet 1                     119.70              145.31     7000.0000     7489.2605     7000.0000     7489.2605
  14.      uhomet 1                     119.70              124.60     7000.0000     6853.6863     7000.0000     6853.6863
  74.      cst                          119.70              167.80   -16720.0000   -17683.7332   -16720.0000   -17683.7332
  74.      cst                          119.70              116.61   -16720.0000   -15997.0067   -16720.0000   -15997.0067
  74.      cst                          119.70              121.88   -16720.0000   -16085.2436   -16720.0000   -16085.2436
  74.      cst                          119.70              139.60   -16720.0000   -15450.4871   -16720.0000   -15450.4871
  74.      cst                          119.70              120.18   -16720.0000   -16057.0322   -16720.0000   -16057.0322
  74.      cst                          119.70              132.38   -16720.0000   -15394.0643   -16720.0000   -15394.0643
  74.      cst                          119.70              118.16   -16720.0000   -16027.5669   -16720.0000   -16027.5669
  74.      cst                          119.70              118.31   -16720.0000   -15335.1339   -16720.0000   -15335.1339
  74.      cst                          119.70              159.84   -16720.0000   -16633.6646   -16720.0000   -16633.6646
  25.      kcst                         119.70              122.94      354.6000    -1401.3839      354.6000    -1401.3839
  25.      kcst                         119.70              129.72      354.6000    -5157.3679      354.6000    -5157.3679
  74.      cst                          119.70              119.55   -16720.0000   -16079.1198   -16720.0000   -16079.1198
  74.      cst                          119.70              124.23   -16720.0000   -15524.5750   -16720.0000   -15524.5750
  74.      cst                          119.70              122.12   -16720.0000   -16226.2717   -16720.0000   -16226.2717
  14.      uhomet 1                     119.70              132.87     7000.0000     8082.7112     7000.0000     8082.7112
  25.      kcst                         119.70              139.77      354.6000      146.6861      354.6000      146.6861
  74.      cst                          119.70              202.01   -16720.0000   -17618.7670   -16720.0000   -17618.7670
  74.      cst                          119.70              118.68   -16720.0000   -15990.9724   -16720.0000   -15990.9724
  74.      cst                          119.70              121.75   -16720.0000   -15261.9447   -16720.0000   -15261.9447
  25.      kcst                         119.70              121.53      354.6000      171.6399      354.6000      171.6399
  25.      kcst                         119.70              134.54      354.6000     -325.5106      354.6000     -325.5106
  74.      cst                          119.70              140.43   -16720.0000   -21163.0969   -16720.0000   -21163.0969
  14.      uhomet 1                     119.70              136.91     7000.0000     7526.6941     7000.0000     7526.6941
  74.      cst                          119.70              134.30   -16720.0000   -11771.9242   -16720.0000   -11771.9242
  74.      cst                          119.70              119.45   -16720.0000   -15995.1066   -16720.0000   -15995.1066
  74.      cst                          119.70              137.59   -16720.0000   -16510.6872   -16720.0000   -16510.6872
  74.      cst                          119.70              120.64   -16720.0000   -16053.6451   -16720.0000   -16053.6451
  74.      cst                          119.70              122.71   -16720.0000   -15460.7724   -16720.0000   -15460.7724
  74.      cst                          119.70              119.49   -16720.0000   -15950.5470   -16720.0000   -15950.5470
  74.      cst                          119.70              127.56   -16720.0000   -15181.0941   -16720.0000   -15181.0941
  74.      cst                          119.70              135.76   -16720.0000   -21084.3394   -16720.0000   -21084.3394
  74.      cst                          119.70              120.37   -16720.0000   -17026.2050   -16720.0000   -17026.2050
  74.      cst                          119.70              131.49   -16720.0000   -17998.7649   -16720.0000   -17998.7649
  74.      cst                          119.70              120.86   -16720.0000   -16418.9962   -16720.0000   -16418.9962
  14.      uhomet 1                     119.70              146.49     7000.0000     6323.7981     7000.0000     6323.7981
  74.      cst                          119.70              135.70   -16720.0000   -11803.7089   -16720.0000   -11803.7089
  14.      uhomet 1                     119.70              118.01     7000.0000     6950.6053     7000.0000     6950.6053
  74.      cst                          119.70              126.66   -16720.0000   -17555.8477   -16720.0000   -17555.8477
  74.      cst                          119.70              117.53   -16720.0000   -15720.7788   -16720.0000   -15720.7788
  74.      cst                          119.70              133.68   -16720.0000   -14468.3693   -16720.0000   -14468.3693
  74.      cst                          119.70              138.75   -16720.0000   -16312.1998   -16720.0000   -16312.1998
  14.      uhomet 1                     119.70              138.04     7000.0000     5560.7070     7000.0000     5560.7070
  74.      cst                          119.70              117.82   -16720.0000   -16497.6337   -16720.0000   -16497.6337
  14.      uhomet 1                     119.70              122.00     7000.0000     6679.9075     7000.0000     6679.9075
  74.      cst                          119.70              140.15   -16720.0000   -18246.3887   -16720.0000   -18246.3887
  74.      cst                          119.70              139.60   -16720.0000   -16214.6929   -16720.0000   -16214.6929
  74.      cst                          119.70              110.85   -16720.0000   -16016.0152   -16720.0000   -16016.0152
  74.      cst                          119.70              118.69   -16720.0000   -15343.7154   -16720.0000   -15343.7154
  74.      cst                          119.70              118.01   -16720.0000   -15894.8103   -16720.0000   -15894.8103
  74.      cst                          119.70              139.98   -16720.0000   -15013.8668   -16720.0000   -15013.8668
  74.      cst                          119.70              114.98   -16720.0000   -15913.8890   -16720.0000   -15913.8890
  74.      cst                          119.70              115.61   -16720.0000   -15107.7780   -16720.0000   -15107.7780
  74.      cst                          119.70              119.18   -16720.0000   -15843.3891   -16720.0000   -15843.3891
  74.      cst                          119.70              129.55   -16720.0000   -14933.5808   -16720.0000   -14933.5808
  74.      cst                          119.70              114.03   -16720.0000   -15837.6259   -16720.0000   -15837.6259
  74.      cst                          119.70              115.39   -16720.0000   -14955.2518   -16720.0000   -14955.2518
  74.      cst                          119.70              113.97   -16720.0000   -15798.4093   -16720.0000   -15798.4093
  74.      cst                          119.70              116.41   -16720.0000   -14876.8186   -16720.0000   -14876.8186
  74.      cst                          119.70              114.00   -16720.0000   -15757.4497   -16720.0000   -15757.4497
  74.      cst                          119.70              116.84   -16720.0000   -14794.8994   -16720.0000   -14794.8994
  14.      uhomet 1                     119.70              137.43     7000.0000     8753.6258     7000.0000     8753.6258
  74.      cst                          119.70              132.59   -16720.0000   -16235.2915   -16720.0000   -16235.2915
  74.      cst                          119.70              136.54   -16720.0000   -16134.3664   -16720.0000   -16134.3664
  74.      cst                          119.70              115.34   -16720.0000   -15700.5381   -16720.0000   -15700.5381
  74.      cst                          119.70              121.01   -16720.0000   -14681.0761   -16720.0000   -14681.0761
  74.      cst                          119.70              115.90   -16720.0000   -15655.2286   -16720.0000   -15655.2286
  25.      kcst                         119.70              188.97      354.6000       96.2206      354.6000       96.2206
  74.      cst                          119.70              183.32   -16720.0000   -16363.4424   -16720.0000   -16363.4424
  74.      cst                          119.70              110.31   -16720.0000   -15886.7325   -16720.0000   -15886.7325
  74.      cst                          119.70              110.75   -16720.0000   -15926.8206   -16720.0000   -15926.8206
  74.      cst                          119.70              108.29   -16720.0000   -15795.8630   -16720.0000   -15795.8630
  74.      cst                          119.70              112.07   -16720.0000   -16256.8244   -16720.0000   -16256.8244
  74.      cst                          119.70              110.74   -16720.0000   -16003.4938   -16720.0000   -16003.4938
  74.      cst                          119.70              112.41   -16720.0000   -15929.7021   -16720.0000   -15929.7021
  74.      cst                          119.70              115.91   -16720.0000   -16368.0076   -16720.0000   -16368.0076
  74.      cst                          119.70              112.11   -16720.0000   -16036.0209   -16720.0000   -16036.0209
  74.      cst                          119.70              110.06   -16720.0000   -15858.2766   -16720.0000   -15858.2766
  74.      cst                          119.70              112.67   -16720.0000   -16021.7911   -16720.0000   -16021.7911
  74.      cst                          119.70              112.60   -16720.0000   -16005.5609   -16720.0000   -16005.5609
  74.      cst                          119.70              112.73   -16720.0000   -16066.5656   -16720.0000   -16066.5656
  74.      cst                          119.70              111.49   -16720.0000   -15964.9521   -16720.0000   -15964.9521
  74.      cst                          119.70              112.70   -16720.0000   -16047.5675   -16720.0000   -16047.5675
  25.      kcst                         119.70              113.54      354.6000     -478.9755      354.6000     -478.9755
  74.      cst                          119.70              111.51   -16720.0000   -15886.3354   -16720.0000   -15886.3354
  74.      cst                          119.70              111.77   -16720.0000   -15955.4128   -16720.0000   -15955.4128
  74.      cst                          119.70              116.24   -16720.0000   -16521.1101   -16720.0000   -16521.1101
  74.      cst                          119.70              116.60   -16720.0000   -16368.0076   -16720.0000   -16368.0076
  74.      cst                          119.70              112.74   -16720.0000   -16121.1435   -16720.0000   -16121.1435
  74.      cst                          119.70              115.06   -16720.0000   -16333.5097   -16720.0000   -16333.5097
  74.      cst                          119.70              116.19   -16720.0000   -16368.0076   -16720.0000   -16368.0076
  74.      cst                          119.70              114.98   -16720.0000   -16328.8129   -16720.0000   -16328.8129
  74.      cst                          119.70              111.11   -16720.0000   -16484.0570   -16720.0000   -16484.0570
  74.      cst                          119.70              110.70   -16720.0000   -15835.6219   -16720.0000   -15835.6219
  74.      cst                          119.70              114.40   -16720.0000   -16153.6981   -16720.0000   -16153.6981
  74.      cst                          119.70              115.02   -16720.0000   -16368.0076   -16720.0000   -16368.0076
  74.      cst                          119.70              113.62   -16720.0000   -16217.5057   -16720.0000   -16217.5057
  74.      cst                          119.70              115.68   -16720.0000   -16247.4299   -16720.0000   -16247.4299
  74.      cst                          119.70              116.76   -16720.0000   -16368.0076   -16720.0000   -16368.0076
  74.      cst                          119.70              116.83   -16720.0000   -16368.0076   -16720.0000   -16368.0076
  74.      cst                          119.70              110.50   -16720.0000   -15907.2123   -16720.0000   -15907.2123
  74.      cst                          119.70              112.94   -16720.0000   -16050.6294   -16720.0000   -16050.6294
  74.      cst                          119.70              116.46   -16720.0000   -16368.0076   -16720.0000   -16368.0076
  74.      cst                          119.70              115.77   -16720.0000   -16368.0076   -16720.0000   -16368.0076
  74.      cst                          119.70              113.22   -16720.0000   -16242.0708   -16720.0000   -16242.0708
  74.      cst                          119.70              118.22   -16720.0000   -16368.0076   -16720.0000   -16368.0076
  74.      cst                          119.70              117.96   -16720.0000   -16075.1908   -16720.0000   -16075.1908
  74.      cst                          119.70              114.28   -16720.0000   -16125.6533   -16720.0000   -16125.6533
  74.      cst                          119.70              121.02   -16720.0000   -13909.8621   -16720.0000   -13909.8621
  14.      uhomet 1                     119.70              117.00     7000.0000     6778.4771     7000.0000     6778.4771
  74.      cst                          119.70              114.51   -16720.0000   -16368.0076   -16720.0000   -16368.0076
  14.      uhomet 1                     119.70              116.89     7000.0000     7815.3362     7000.0000     7815.3362
  74.      cst                          119.70              111.83   -16720.0000   -16006.5110   -16720.0000   -16006.5110
  74.      cst                          119.70              112.21   -16720.0000   -15920.3389   -16720.0000   -15920.3389
  74.      cst                          119.70              113.41   -16720.0000   -16126.7998   -16720.0000   -16126.7998
  74.      cst                          119.70              111.32   -16720.0000   -15654.7304   -16720.0000   -15654.7304
  74.      cst                          119.70              110.73   -16720.0000   -14788.3507   -16720.0000   -14788.3507
  74.      cst                          119.70              110.11   -16720.0000   -15778.5626   -16720.0000   -15778.5626
  74.      cst                          119.70              111.38   -16720.0000   -15228.3123   -16720.0000   -15228.3123
  74.      cst                          119.70              110.04   -16720.0000   -15713.1703   -16720.0000   -15713.1703
  74.      cst                          119.70              107.09   -16720.0000   -15058.3330   -16720.0000   -15058.3330
  74.      cst                          119.70              110.60   -16720.0000   -15654.9626   -16720.0000   -15654.9626
  74.      cst                          119.70              120.89   -16720.0000   -15929.1026   -16720.0000   -15929.1026
  74.      cst                          119.70              109.18   -16720.0000   -15616.7789   -16720.0000   -15616.7789
  74.      cst                          119.70              107.06   -16720.0000   -14865.5501   -16720.0000   -14865.5501
  74.      cst                          119.70              112.28   -16720.0000   -18117.3994   -16720.0000   -18117.3994
  74.      cst                          119.70              118.07   -16720.0000   -16195.4166   -16720.0000   -16195.4166
  74.      cst                          119.70              111.85   -16720.0000   -16095.5825   -16720.0000   -16095.5825
  74.      cst                          119.70              112.73   -16720.0000   -16155.1441   -16720.0000   -16155.1441
  74.      cst                          119.70              114.43   -16720.0000   -15908.6789   -16720.0000   -15908.6789
  74.      cst                          119.70              111.22   -16720.0000   -16158.7314   -16720.0000   -16158.7314
  74.      cst                          119.70              110.27   -16720.0000   -15746.3748   -16720.0000   -15746.3748
  74.      cst                          119.70              110.16   -16720.0000   -15718.7466   -16720.0000   -15718.7466
  74.      cst                          119.70              107.96   -16720.0000   -15069.4857   -16720.0000   -15069.4857
  74.      cst                          119.70              109.79   -16720.0000   -15992.5185   -16720.0000   -15992.5185
  74.      cst                          119.70              112.38   -16720.0000   -15934.4076   -16720.0000   -15934.4076
  74.      cst                          119.70              105.67   -16720.0000   -15658.4519   -16720.0000   -15658.4519
  74.      cst                          119.70              105.95   -16720.0000   -14948.8961   -16720.0000   -14948.8961
  74.      cst                          119.70              121.84   -16720.0000   -15961.5979   -16720.0000   -15961.5979
  74.      cst                          119.70              109.84   -16720.0000   -15983.0903   -16720.0000   -15983.0903
  74.      cst                          119.70              110.48   -16720.0000   -16004.1155   -16720.0000   -16004.1155
  74.      cst                          119.70              106.98   -16720.0000   -15624.0504   -16720.0000   -15624.0504
  74.      cst                          119.70              106.58   -16720.0000   -14880.0932   -16720.0000   -14880.0932
  74.      cst                          119.70              117.20   -16720.0000   -15738.1826   -16720.0000   -15738.1826
  74.      cst                          119.70              128.14   -16720.0000   -16905.4817   -16720.0000   -16905.4817
  74.      cst                          119.70              114.02   -16720.0000   -16443.6945   -16720.0000   -16443.6945
  74.      cst                          119.70              106.88   -16720.0000   -15599.1710   -16720.0000   -15599.1710
  74.      cst                          119.70              106.26   -16720.0000   -14830.3343   -16720.0000   -14830.3343
  74.      cst                          119.70              112.51   -16720.0000   -15961.7623   -16720.0000   -15961.7623
  74.      cst                          119.70              108.46   -16720.0000   -15531.1121   -16720.0000   -15531.1121
  74.      cst                          119.70              108.94   -16720.0000   -15610.0414   -16720.0000   -15610.0414
  74.      cst                          119.70              116.22   -16720.0000   -16122.9881   -16720.0000   -16122.9881
  74.      cst                          119.70              112.26   -16720.0000   -15962.0167   -16720.0000   -15962.0167
  74.      cst                          119.70              108.59   -16720.0000   -15610.5807   -16720.0000   -15610.5807
  74.      cst                          119.70              116.31   -16720.0000   -15756.0157   -16720.0000   -15756.0157
  74.      cst                          119.70              112.94   -16720.0000   -15865.9270   -16720.0000   -15865.9270
  74.      cst                          119.70              123.43   -16720.0000   -15769.8373   -16720.0000   -15769.8373
  74.      cst                          119.70              107.36   -16720.0000   -15299.9721   -16720.0000   -15299.9721
  74.      cst                          119.70              109.15   -16720.0000   -15636.2239   -16720.0000   -15636.2239
  74.      cst                          119.70              117.75   -16720.0000   -15618.4016   -16720.0000   -15618.4016
  74.      cst                          119.70              112.15   -16720.0000   -15864.4616   -16720.0000   -15864.4616
  74.      cst                          119.70              106.63   -16720.0000   -15701.6051   -16720.0000   -15701.6051
  74.      cst                          119.70              106.40   -16720.0000   -15381.4191   -16720.0000   -15381.4191
  74.      cst                          119.70              115.52   -16720.0000   -16094.4620   -16720.0000   -16094.4620
  74.      cst                          119.70              113.09   -16720.0000   -15700.3349   -16720.0000   -15700.3349
  74.      cst                          119.70              110.02   -16720.0000   -15571.7938   -16720.0000   -15571.7938
  74.      cst                          119.70              114.28   -16720.0000   -16125.6533   -16720.0000   -16125.6533
  74.      cst                          119.70              129.41   -16720.0000   -15786.2333   -16720.0000   -15786.2333
  74.      cst                          119.70              110.07   -16720.0000   -15819.7597   -16720.0000   -15819.7597
  14.      uhomet 1                     119.70              115.28     7000.0000     7917.3243     7000.0000     7917.3243
  74.      cst                          119.70              116.31   -16720.0000   -15756.0157   -16720.0000   -15756.0157
  14.      uhomet 1                     119.70              115.28     7000.0000     7917.3243     7000.0000     7917.3243
  74.      cst                          119.70              116.31   -16720.0000   -15756.0157   -16720.0000   -15756.0157
  25.      kcst                         119.70              108.87      354.6000     1398.4324      354.6000     1398.4324
  74.      cst                          119.70              111.80   -16720.0000   -15825.0878   -16720.0000   -15825.0878
  14.      uhomet 1                     119.70              114.50     7000.0000     7937.1474     7000.0000     7937.1474
  74.      cst                          119.70              105.37   -16720.0000   -15305.4381   -16720.0000   -15305.4381
  74.      cst                          119.70              106.95   -16720.0000   -14242.8686   -16720.0000   -14242.8686
  74.      cst                          119.70              109.59   -16720.0000   -15511.3384   -16720.0000   -15511.3384
  74.      cst                          119.70              106.78   -16720.0000   -15609.4653   -16720.0000   -15609.4653
  74.      cst                          119.70              106.05   -16720.0000   -15213.3697   -16720.0000   -15213.3697
  74.      cst                          119.70              106.44   -16720.0000   -15419.5358   -16720.0000   -15419.5358
  74.      cst                          119.70              104.41   -16720.0000   -15199.1031   -16720.0000   -15199.1031
  74.      cst                          119.70              111.84   -16720.0000   -14064.6965   -16720.0000   -14064.6965
  74.      cst                          119.70              105.49   -16720.0000   -15033.6031   -16720.0000   -15033.6031
  74.      cst                          119.70              113.11   -16720.0000   -13623.5118   -16720.0000   -13623.5118
  74.      cst                          119.70              112.37   -16720.0000   -15335.6864   -16720.0000   -15335.6864
  74.      cst                          119.70              104.81   -16720.0000   -15274.0957   -16720.0000   -15274.0957
  74.      cst                          119.70              119.12   -16720.0000   -14427.0479   -16720.0000   -14427.0479
  74.      cst                          119.70              112.92   -16720.0000   -15429.1908   -16720.0000   -15429.1908
  74.      cst                          119.70              110.31   -16720.0000   -15523.1112   -16720.0000   -15523.1112
  74.      cst                          119.70              115.71   -16720.0000   -16020.8426   -16720.0000   -16020.8426
  74.      cst                          119.70              105.99   -16720.0000   -15257.6247   -16720.0000   -15257.6247
  74.      cst                          119.70              112.52   -16720.0000   -15298.4438   -16720.0000   -15298.4438
  74.      cst                          119.70              107.20   -16720.0000   -15295.9201   -16720.0000   -15295.9201
  74.      cst                          119.70              108.61   -16720.0000   -15297.0833   -16720.0000   -15297.0833
  74.      cst                          119.70              104.39   -16720.0000   -15220.8046   -16720.0000   -15220.8046
  74.      cst                          119.70              109.45   -16720.0000   -14435.0982   -16720.0000   -14435.0982
  74.      cst                          119.70              107.04   -16720.0000   -14939.8551   -16720.0000   -14939.8551
  74.      cst                          119.70              114.31   -16720.0000   -12923.3023   -16720.0000   -12923.3023
  74.      cst                          119.70              107.31   -16720.0000   -15092.2106   -16720.0000   -15092.2106
  74.      cst                          119.70              111.98   -16720.0000   -18085.0639   -16720.0000   -18085.0639
  74.      cst                          119.70              104.29   -16720.0000   -15249.0579   -16720.0000   -15249.0579
  74.      cst                          119.70              107.86   -16720.0000   -14639.8391   -16720.0000   -14639.8391
  74.      cst                          119.70              105.94   -16720.0000   -15070.3102   -16720.0000   -15070.3102
  74.      cst                          119.70              110.72   -16720.0000   -15628.6629   -16720.0000   -15628.6629
  74.      cst                          119.70              111.18   -16720.0000   -15774.0864   -16720.0000   -15774.0864
  74.      cst                          119.70              106.98   -16720.0000   -15181.2059   -16720.0000   -15181.2059
  74.      cst                          119.70              105.51   -16720.0000   -15104.5727   -16720.0000   -15104.5727
  74.      cst                          119.70              113.03   -16720.0000   -14279.4433   -16720.0000   -14279.4433
  74.      cst                          119.70              108.35   -16720.0000   -15401.7681   -16720.0000   -15401.7681
  74.      cst                          119.70              104.54   -16720.0000   -15298.2050   -16720.0000   -15298.2050
  74.      cst                          119.70              108.64   -16720.0000   -14896.0752   -16720.0000   -14896.0752
  74.      cst                          119.70              106.65   -16720.0000   -14801.5629   -16720.0000   -14801.5629
  74.      cst                          119.70              107.31   -16720.0000   -16172.5308   -16720.0000   -16172.5308
  74.      cst                          119.70              111.89   -16720.0000   -12790.8161   -16720.0000   -12790.8161
  74.      cst                          119.70              110.94   -16720.0000   -14227.6790   -16720.0000   -14227.6790
  74.      cst                          119.70              111.17   -16720.0000   -17984.7805   -16720.0000   -17984.7805
  74.      cst                          119.70              111.48   -16720.0000   -15099.7633   -16720.0000   -15099.7633
  74.      cst                          119.70              112.45   -16720.0000   -12760.8462   -16720.0000   -12760.8462
  74.      cst                          119.70              107.46   -16720.0000   -14066.8298   -16720.0000   -14066.8298
  74.      cst                          119.70              105.00   -16720.0000   -15157.7919   -16720.0000   -15157.7919
  74.      cst                          119.70              105.86   -16720.0000   -14908.3691   -16720.0000   -14908.3691
  74.      cst                          119.70              112.45   -16720.0000   -15546.4741   -16720.0000   -15546.4741
  74.      cst                          119.70              109.46   -16720.0000   -15434.7964   -16720.0000   -15434.7964
  74.      cst                          119.70              111.65   -16720.0000   -15008.9582   -16720.0000   -15008.9582
  74.      cst                          119.70              110.72   -16720.0000   -15628.6629   -16720.0000   -15628.6629
  74.      cst                          119.70              105.18   -16720.0000   -14792.8010   -16720.0000   -14792.8010
  74.      cst                          119.70              111.41   -16720.0000   -14962.6106   -16720.0000   -14962.6106
  74.      cst                          119.70              105.87   -16720.0000   -14621.5992   -16720.0000   -14621.5992
  74.      cst                          119.70              110.56   -16720.0000   -15570.6531   -16720.0000   -15570.6531
  74.      cst                          119.70              106.38   -16720.0000   -14632.4832   -16720.0000   -14632.4832
  74.      cst                          119.70              107.57   -16720.0000   -16309.5280   -16720.0000   -16309.5280
  74.      cst                          119.70              105.77   -16720.0000   -14911.3362   -16720.0000   -14911.3362
  74.      cst                          119.70              107.28   -16720.0000   -14535.5750   -16720.0000   -14535.5750
  74.      cst                          119.70              111.02   -16720.0000   -14550.4914   -16720.0000   -14550.4914
  74.      cst                          119.70              110.50   -16720.0000   -15907.2123   -16720.0000   -15907.2123
  74.      cst                          119.70              112.94   -16720.0000   -14902.0087   -16720.0000   -14902.0087
  74.      cst                          119.70              106.12   -16720.0000   -15069.1698   -16720.0000   -15069.1698
  74.      cst                          119.70              110.62   -16720.0000   -14528.2032   -16720.0000   -14528.2032
  74.      cst                          119.70              110.50   -16720.0000   -15907.2123   -16720.0000   -15907.2123
  74.      cst                          119.70              107.33   -16720.0000   -14662.5707   -16720.0000   -14662.5707
  74.      cst                          119.70              114.82   -16720.0000   -14892.0719   -16720.0000   -14892.0719
  74.      cst                          119.70              107.19   -16720.0000   -15046.8885   -16720.0000   -15046.8885
  74.      cst                          119.70              107.11   -16720.0000   -14951.3735   -16720.0000   -14951.3735
  74.      cst                          119.70              110.98   -16720.0000   -14436.4759   -16720.0000   -14436.4759
  74.      cst                          119.70              106.58   -16720.0000   -14804.1600   -16720.0000   -14804.1600
  74.      cst                          119.70              109.81   -16720.0000   -14697.2666   -16720.0000   -14697.2666
  74.      cst                          119.70              108.59   -16720.0000   -15610.5807   -16720.0000   -15610.5807
  74.      cst                          119.70              104.51   -16720.0000   -14625.0499   -16720.0000   -14625.0499
  74.      cst                          119.70              111.05   -16720.0000   -13570.3754   -16720.0000   -13570.3754
  74.      cst                          119.70              104.72   -16720.0000   -14733.3926   -16720.0000   -14733.3926
  74.      cst                          119.70              105.33   -16720.0000   -14943.5834   -16720.0000   -14943.5834
  74.      cst                          119.70              110.16   -16720.0000   -14591.2466   -16720.0000   -14591.2466
  74.      cst                          119.70              105.83   -16720.0000   -14572.4956   -16720.0000   -14572.4956
  74.      cst                          119.70              105.70   -16720.0000   -15000.4598   -16720.0000   -15000.4598
  74.      cst                          119.70              109.80   -16720.0000   -14543.9686   -16720.0000   -14543.9686
  74.      cst                          119.70              106.00   -16720.0000   -14810.6216   -16720.0000   -14810.6216
  74.      cst                          119.70              103.68   -16720.0000   -14726.5079   -16720.0000   -14726.5079
  74.      cst                          119.70              112.32   -16720.0000   -14051.2477   -16720.0000   -14051.2477
  74.      cst                          119.70              103.84   -16720.0000   -15056.7982   -16720.0000   -15056.7982
  74.      cst                          119.70              106.11   -16720.0000   -14805.8339   -16720.0000   -14805.8339
  74.      cst                          119.70              102.21   -16720.0000   -15021.7136   -16720.0000   -15021.7136
  74.      cst                          119.70              108.89   -16720.0000   -14973.9416   -16720.0000   -14973.9416
  74.      cst                          119.70              114.77   -16720.0000   -14260.9297   -16720.0000   -14260.9297
  74.      cst                          119.70              106.37   -16720.0000   -14644.6630   -16720.0000   -14644.6630
  74.      cst                          119.70              104.73   -16720.0000   -14944.6911   -16720.0000   -14944.6911
  74.      cst                          119.70              107.27   -16720.0000   -13809.8002   -16720.0000   -13809.8002
  74.      cst                          119.70              105.32   -16720.0000   -15414.4994   -16720.0000   -15414.4994
  74.      cst                          119.70              102.91   -16720.0000   -14919.5241   -16720.0000   -14919.5241
  74.      cst                          119.70              107.32   -16720.0000   -16205.9335   -16720.0000   -16205.9335
  74.      cst                          119.70              112.55   -16720.0000   -13701.6015   -16720.0000   -13701.6015
  74.      cst                          119.70              106.34   -16720.0000   -14353.5831   -16720.0000   -14353.5831
  74.      cst                          119.70              108.05   -16720.0000   -13722.8693   -16720.0000   -13722.8693
  74.      cst                          119.70              104.27   -16720.0000   -14343.6353   -16720.0000   -14343.6353
  14.      uhomet 1                     119.70              103.05     7000.0000     7903.5971     7000.0000     7903.5971
  74.      cst                          119.70              105.23   -16720.0000   -15332.3881   -16720.0000   -15332.3881
  74.      cst                          119.70              105.55   -16720.0000   -14571.5498   -16720.0000   -14571.5498
  74.      cst                          119.70              105.35   -16720.0000   -15179.2999   -16720.0000   -15179.2999
  74.      cst                          119.70              108.31   -16720.0000   -14675.5275   -16720.0000   -14675.5275
  74.      cst                          119.70              106.18   -16720.0000   -14831.6386   -16720.0000   -14831.6386
  74.      cst                          119.70              104.00   -16720.0000   -15030.8349   -16720.0000   -15030.8349
  74.      cst                          119.70              104.73   -16720.0000   -15112.4858   -16720.0000   -15112.4858
  74.      cst                          119.70              104.86   -16720.0000   -15033.8230   -16720.0000   -15033.8230
  74.      cst                          119.70              105.03   -16720.0000   -14717.6251   -16720.0000   -14717.6251
  74.      cst                          119.70              104.97   -16720.0000   -15167.2437   -16720.0000   -15167.2437
  74.      cst                          119.70              104.39   -16720.0000   -15374.0554   -16720.0000   -15374.0554
  74.      cst                          119.70              103.28   -16720.0000   -15137.5153   -16720.0000   -15137.5153
  74.      cst                          119.70              103.07   -16720.0000   -14951.4762   -16720.0000   -14951.4762
