   1.      emp,cur,m                   2158.84             2158.84        3.6576        3.6576        0.9730        0.9730
   1.      emp,cur,m                   2158.84             2158.84        3.6576        3.6576        0.9730        0.9730
   1.      emp,cur,m                   2158.84             2153.25        3.6576        1.6576        0.9730        0.8296
   2.      emp,cur,m                   2158.84             2154.33       -2.5526       -4.5526        0.0020        0.0003
   3.      emp,of,m                    2158.84             2485.36        3.1398        1.1398        0.9585        0.7576
   5.      emp,cur,f                   2158.84             1979.33        0.8093       -1.1907        0.4672        0.1061
   6.      emp,cur,f                   2158.84             2680.66        0.4456       -1.5544        0.3248        0.0611
   7.      emp,of,f                    2158.84             2418.74        1.2168       -0.7832        0.7715        0.3136
   9.      u,cur,m                     2158.84             2175.09        5.0969        3.0969        0.9939        0.9568
  10.      u,of,m                      2158.84             2319.38        0.7896       -1.2104        0.6877        0.2296
  11.      u,cur,f                     2158.84             2092.46        2.9640        0.9640        0.9509        0.7239
  12.      u,of,f                      2158.84             2131.53       -2.4291       -4.4291        0.0810        0.0118
  14.      uhomet 1                    2158.84             2296.22     7000.0000    10500.0000     7000.0000    10500.0000
  16.      p(ex=2|ex=1),e              2158.84             2399.91       -2.0793       -1.0793        0.1111        0.2536
  21.      pmeet                       2158.84             2200.82       -2.0000       -1.5000        0.1192        0.1824
  25.      kcst                        2158.84             2173.41      354.6000     1354.6000      354.6000     1354.6000
  26.      divpenalty                  2158.84             2238.70       -1.5000       -1.0000    -3648.5105    -5378.8284
  27.      alphaed(m,ned)              2158.84             2182.87       -5.3620       -0.3620       46.6953     4104.7158
  28.      alphaed(f,ned)              2158.84             2157.09       -6.8913       -1.8913       10.1556     1310.9639
  29.      alphaed(m,ed)               2158.84             2157.22       -7.7661       -2.7661        4.2368      591.8269
  30.      alphaed(f,ed)               2158.84             2157.61        7.8309       12.8309     9996.0288     9999.9732
  31.      alphakid(m)                 2158.84             2158.84      -12.7306       -7.7306        0.0296        4.3897
  42.      alf10                       2158.84             3686.49        0.0364        0.6364        0.0364        0.6364
  43.      alf10                       2158.84             3107.81        0.1598        0.7598        0.1598        0.7598
  44.      alf10                       2158.84             3822.73        0.0663        0.6663        0.0663        0.6663
  45.      alf10                       2158.84             3294.48        0.0791        0.6791        0.0791        0.6791
  47.      alf10                       2158.84             4061.54        0.1297        0.7297        0.1297        0.7297
  48.      alf10                       2158.84             4028.80        0.2147        0.8147        0.2147        0.8147
  49.      alf10                       2158.84             4429.77        0.1571        0.7571        0.1571        0.7571
  50.      alf10                       2158.84             3484.41        0.0784        0.6784        0.0784        0.6784
  51.      alf11                       2158.84             2161.58       -0.9203       -0.4203        0.2849        0.3964
  52.      alf12                       2158.84             2525.36       -0.4904        0.0096        0.3798        0.5024
  54.      alf20                       2158.84             3064.07        0.1336        0.7336        0.1336        0.7336
  55.      alf20                       2158.84             2488.88        0.1108        0.7108        0.1108        0.7108
  56.      alf20                       2158.84             3491.15        0.2014        0.8014        0.2014        0.8014
  57.      alf20                       2158.84             2947.65        0.2358        0.8358        0.2358        0.8358
  59.      alf20                       2158.84             2818.50        0.1443        0.7443        0.1443        0.7443
  60.      alf20                       2158.84             3621.90        0.4145        1.0145        0.4145        1.0145
  61.      alf20                       2158.84             3012.04        0.1728        0.7728        0.1728        0.7728
  62.      alf20                       2158.84             2515.11        0.0150        0.6150        0.0150        0.6150
  63.      alf21                       2158.84             2158.26       -0.4756       -0.1756        0.3833        0.4562
  64.      alf22                       2158.84             2193.99       -1.4661       -1.1661        0.1875        0.2376
  67.      sig_wge                     2158.84             2578.06       -1.1590       -0.6590        0.2388        0.3410
  72.      alf1t                       2158.84             2871.85        9.3000        9.8000        9.3000        9.8000
  73.      alf2t                       2158.84             2769.52        8.5000        9.0000        8.5000        9.0000
  74.      cst                         2158.84             2167.72   -16720.0000   -19220.0000   -16720.0000   -19220.0000
  75.      mu_mar                      2158.84             1852.82       -6.0000       -5.0000      123.6312      334.6425
  76.      ptypehs                     2158.84             2336.44       -0.2103        0.7897        0.1927        0.3936
  77.      ptypecol                    2158.84             2154.48       -2.3489       -1.3489        0.0350        0.0898
  78.      alf1t                       2158.84             2170.43        8.7000        9.2000        8.7000        9.2000
  79.      alf2t                       2158.84             2415.49        9.1000        9.6000        9.1000        9.6000
  82.      ptypehs                     2158.84             2471.52        0.4969        1.4969        0.3909        0.6356
  83.      ptypecol                    2158.84             2163.74       -0.1310        0.8690        0.3219        0.5634
  84.      alf1t                       2158.84             2297.90        8.8000        9.3000        8.8000        9.3000
  85.      alf2t                       2158.84             2975.45        9.1000        9.6000        9.1000        9.6000
  88.      ptypehs                     2158.84             2263.60       -0.2871        0.7129        0.1785        0.3713
  89.      ptypecol                    2158.84             2191.49       -0.2847        0.7153        0.2761        0.5090
  90.      alf1t                       2158.84             2372.64        9.7000       10.2000        9.7000       10.2000
  91.      alf2t                       2158.84             2351.33        9.0000        9.5000        9.0000        9.5000
  14.      uhomet 1                    2158.84             2584.06     7000.0000     7122.8070     7000.0000     7122.8070
  14.      uhomet 1                    2158.84             2539.20     7000.0000     7127.1160     7000.0000     7127.1160
  14.      uhomet 1                    2158.84             4752.30     7000.0000     7254.2321     7000.0000     7254.2321
  14.      uhomet 1                    2158.84             2358.01     7000.0000     7131.5762     7000.0000     7131.5762
  14.      uhomet 1                    2158.84             4137.59     7000.0000     7263.1525     7000.0000     7263.1525
  14.      uhomet 1                    2158.84             2343.24     7000.0000     7136.1930     7000.0000     7136.1930
  14.      uhomet 1                    2158.84             2579.21     7000.0000     7272.3859     7000.0000     7272.3859
   7.      emp,of,f                    2158.84             2418.74        1.2168       -0.7832        0.7715        0.3136
  14.      uhomet 1                    2158.84             2747.98     7000.0000     7136.1930     7000.0000     7136.1930
  14.      uhomet 1                    2158.84             5662.42     7000.0000     7272.3859     7000.0000     7272.3859
  14.      uhomet 1                    2158.84             2614.73     7000.0000     7140.9717     7000.0000     7140.9717
  14.      uhomet 1                    2158.84             1952.21     7000.0000     7145.9180     7000.0000     7145.9180
  14.      uhomet 1                    2158.84             2098.90     7000.0000     7291.8361     7000.0000     7291.8361
  14.      uhomet 1                    2158.84             3787.38     7000.0000     7010.0663     7000.0000     7010.0663
  14.      uhomet 1                    2158.84             2214.01     7000.0000     7146.6125     7000.0000     7146.6125
  14.      uhomet 1                    2158.84             3327.17     7000.0000     7293.2249     7000.0000     7293.2249
  14.      uhomet 1                    2158.84             2472.87     7000.0000     7151.7568     7000.0000     7151.7568
  14.      uhomet 1                    2158.84             2656.71     7000.0000     7146.6621     7000.0000     7146.6621
  14.      uhomet 1                    2158.84             2461.70     7000.0000     7161.8744     7000.0000     7161.8744
  14.      uhomet 1                    2158.84             2282.20     7000.0000     7167.5542     7000.0000     7167.5542
  14.      uhomet 1                    2158.84             3041.70     7000.0000     7335.1084     7000.0000     7335.1084
  14.      uhomet 1                    2158.84             2316.27     7000.0000     7173.4333     7000.0000     7173.4333
  14.      uhomet 1                    2158.84             2695.97     7000.0000     7179.5187     7000.0000     7179.5187
  14.      uhomet 1                    2158.84             2532.40     7000.0000     7185.8176     7000.0000     7185.8176
  14.      uhomet 1                    2158.84             4402.98     7000.0000     7371.6351     7000.0000     7371.6351
  14.      uhomet 1                    2158.84             2807.78     7000.0000     7192.3375     7000.0000     7192.3375
  14.      uhomet 1                    2158.84             5539.06     7000.0000     7384.6750     7000.0000     7384.6750
  14.      uhomet 1                    2158.84             2100.29     7000.0000     7199.0862     7000.0000     7199.0862
  14.      uhomet 1                    2158.84             2171.26     7000.0000     7398.1723     7000.0000     7398.1723
  14.      uhomet 1                    2158.84             2474.83     7000.0000     7206.0717     7000.0000     7206.0717
  14.      uhomet 1                    2158.84             2168.20     7000.0000     7213.3022     7000.0000     7213.3022
  14.      uhomet 1                    2158.84             2237.86     7000.0000     7426.6045     7000.0000     7426.6045
  14.      uhomet 1                    2158.84             2101.37     7000.0000     7220.7865     7000.0000     7220.7865
  14.      uhomet 1                    2158.84             2123.98     7000.0000     7441.5730     7000.0000     7441.5730
  14.      uhomet 1                    2158.84             2108.39     7000.0000     7228.5334     7000.0000     7228.5334
  14.      uhomet 1                    2158.84             2190.33     7000.0000     7457.0668     7000.0000     7457.0668
  14.      uhomet 1                    2158.84             3242.42     7000.0000     7037.4660     7000.0000     7037.4660
  14.      uhomet 1                    2158.84             2083.80     7000.0000     7231.1180     7000.0000     7231.1180
  14.      uhomet 1                    2158.84             4352.85     7000.0000     7462.2361     7000.0000     7462.2361
  14.      uhomet 1                    2158.84             4236.93     7000.0000     7112.1114     7000.0000     7112.1114
  14.      uhomet 1                    2158.84             2328.26     7000.0000     7238.8522     7000.0000     7238.8522
  14.      uhomet 1                    2158.84             4312.18     7000.0000     7477.7043     7000.0000     7477.7043
  14.      uhomet 1                    2158.84             2923.43     7000.0000     7008.0055     7000.0000     7008.0055
  14.      uhomet 1                    2158.84             3381.75     7000.0000     7082.3229     7000.0000     7082.3229
  14.      uhomet 1                    2158.84             2650.54     7000.0000     7120.9230     7000.0000     7120.9230
  14.      uhomet 1                    2158.84             2217.02     7000.0000     7237.2773     7000.0000     7237.2773
  14.      uhomet 1                    2158.84             3035.72     7000.0000     7474.5547     7000.0000     7474.5547
  14.      uhomet 1                    2158.84             2142.68     7000.0000     7245.6029     7000.0000     7245.6029
  14.      uhomet 1                    2158.84             2299.69     7000.0000     7491.2057     7000.0000     7491.2057
  14.      uhomet 1                    2158.84             2459.97     7000.0000     7169.0091     7000.0000     7169.0091
  14.      uhomet 1                    2158.84             5261.62     7000.0000     7255.6953     7000.0000     7255.6953
  14.      uhomet 1                    2158.84             2328.25     7000.0000     7003.0416     7000.0000     7003.0416
  14.      uhomet 1                    2158.84             2886.95     7000.0000     6760.4804     7000.0000     6760.4804
  14.      uhomet 1                    2158.84             3795.78     7000.0000     7081.1970     7000.0000     7081.1970
  14.      uhomet 1                    2158.84             3043.12     7000.0000     7032.6182     7000.0000     7032.6182
  14.      uhomet 1                    2158.84            15969.49     7000.0000     6859.1647     7000.0000     6859.1647
  14.      uhomet 1                    2158.84             4147.82     7000.0000     7114.6684     7000.0000     7114.6684
  14.      uhomet 1                    2158.84             2650.54     7000.0000     7120.9230     7000.0000     7120.9230
  14.      uhomet 1                    2158.84            28081.58     7000.0000     7127.1776     7000.0000     7127.1776
  14.      uhomet 1                    2158.84             2502.50     7000.0000     7155.7883     7000.0000     7155.7883
  14.      uhomet 1                    2158.84             4779.13     7000.0000     7230.3796     7000.0000     7230.3796
  14.      uhomet 1                    2158.84             2795.51     7000.0000     7203.6710     7000.0000     7203.6710
  14.      uhomet 1                    2158.84             2146.03     7000.0000     7248.2833     7000.0000     7248.2833
  14.      uhomet 1                    2158.84             2259.84     7000.0000     7496.5667     7000.0000     7496.5667
  14.      uhomet 1                    2158.84             2460.50     7000.0000     7223.2323     7000.0000     7223.2323
  14.      uhomet 1                    2158.84             4545.76     7000.0000     7413.8465     7000.0000     7413.8465
  14.      uhomet 1                    2158.84             2396.99     7000.0000     7263.6832     7000.0000     7263.6832
  14.      uhomet 1                    2158.84             2166.51     7000.0000     7087.1177     7000.0000     7087.1177
  14.      uhomet 1                    2158.84             4352.97     7000.0000     6994.7167     7000.0000     6994.7167
  14.      uhomet 1                    2158.84             2083.98     7000.0000     7269.6931     7000.0000     7269.6931
  14.      uhomet 1                    2158.84             2195.12     7000.0000     7539.3863     7000.0000     7539.3863
  14.      uhomet 1                    2158.84             3202.25     7000.0000     7068.3387     7000.0000     7068.3387
  14.      uhomet 1                    2158.84             3605.12     7000.0000     7122.5995     7000.0000     7122.5995
  14.      uhomet 1                    2158.84             2303.66     7000.0000     7128.6151     7000.0000     7128.6151
  14.      uhomet 1                    2158.84             3532.07     7000.0000     7127.8563     7000.0000     7127.8563
  14.      uhomet 1                    2158.84             2233.42     7000.0000     7131.1351     7000.0000     7131.1351
  14.      uhomet 1                    2158.84             2774.96     7000.0000     7202.6926     7000.0000     7202.6926
  14.      uhomet 1                    2158.84             4004.46     7000.0000     7152.9774     7000.0000     7152.9774
  14.      uhomet 1                    2158.84             2650.54     7000.0000     7120.9230     7000.0000     7120.9230
  14.      uhomet 1                    2158.84             2277.30     7000.0000     7278.1434     7000.0000     7278.1434
  14.      uhomet 1                    2158.84             2096.94     7000.0000     7287.9028     7000.0000     7287.9028
  14.      uhomet 1                    2158.84             2412.83     7000.0000     7575.8056     7000.0000     7575.8056
  14.      uhomet 1                    2158.84             3010.40     7000.0000     7166.4284     7000.0000     7166.4284
  14.      uhomet 1                    2158.84             1926.23     7000.0000     7299.3840     7000.0000     7299.3840
  14.      uhomet 1                    2158.84             1985.76     7000.0000     7598.7680     7000.0000     7598.7680
  14.      uhomet 1                    2158.84             2092.91     7000.0000     7309.8887     7000.0000     7309.8887
  14.      uhomet 1                    2158.84             3120.81     7000.0000     7619.7774     7000.0000     7619.7774
  14.      uhomet 1                    2158.84             2032.93     7000.0000     7099.9755     7000.0000     7099.9755
  14.      uhomet 1                    2158.84             2060.83     7000.0000     6986.6487     7000.0000     6986.6487
  14.      uhomet 1                    2158.84             2198.86     7000.0000     7316.7856     7000.0000     7316.7856
  14.      uhomet 1                    2158.84             2313.62     7000.0000     7327.9009     7000.0000     7327.9009
  14.      uhomet 1                    2158.84             4207.22     7000.0000     7655.8018     7000.0000     7655.8018
  14.      uhomet 1                    2158.84             3135.91     7000.0000     7129.6015     7000.0000     7129.6015
  14.      uhomet 1                    2158.84             2225.97     7000.0000     7336.8416     7000.0000     7336.8416
  14.      uhomet 1                    2158.84             2033.22     7000.0000     7348.6606     7000.0000     7348.6606
  14.      uhomet 1                    2158.84             2064.56     7000.0000     7697.3212     7000.0000     7697.3212
  14.      uhomet 1                    2158.84             2122.01     7000.0000     7352.6079     7000.0000     7352.6079
  14.      uhomet 1                    2158.84             2122.33     7000.0000     7372.9856     7000.0000     7372.9856
  14.      uhomet 1                    2158.84             2291.89     7000.0000     7745.9713     7000.0000     7745.9713
  14.      uhomet 1                    2158.84             2742.79     7000.0000     7251.9239     7000.0000     7251.9239
  14.      uhomet 1                    2158.84             2095.76     7000.0000     7216.9316     7000.0000     7216.9316
  14.      uhomet 1                    2158.84             3673.46     7000.0000     7266.3089     7000.0000     7266.3089
  14.      uhomet 1                    2158.84             2011.14     7000.0000     7392.0974     7000.0000     7392.0974
  14.      uhomet 1                    2158.84             2051.86     7000.0000     7784.1948     7000.0000     7784.1948
  14.      uhomet 1                    2158.84             3630.83     7000.0000     7280.6893     7000.0000     7280.6893
  14.      uhomet 1                    2158.84             1936.51     7000.0000     7411.4610     7000.0000     7411.4610
  14.      uhomet 1                    2158.84             1917.25     7000.0000     7822.9221     7000.0000     7822.9221
  14.      uhomet 1                    2158.84             2667.43     7000.0000     7149.7975     7000.0000     7149.7975
  14.      uhomet 1                    2158.84             2144.75     7000.0000     7190.1399     7000.0000     7190.1399
  14.      uhomet 1                    2158.84             2588.06     7000.0000     7143.0025     7000.0000     7143.0025
  14.      uhomet 1                    2158.84             3691.22     7000.0000     7279.0353     7000.0000     7279.0353
  14.      uhomet 1                    2158.84             2216.95     7000.0000     7246.7259     7000.0000     7246.7259
  14.      uhomet 1                    2158.84             2343.10     7000.0000     7265.2219     7000.0000     7265.2219
  14.      uhomet 1                    2158.84             1966.08     7000.0000     7440.9563     7000.0000     7440.9563
  14.      uhomet 1                    2158.84             1966.78     7000.0000     7881.9126     7000.0000     7881.9126
  14.      uhomet 1                    2158.84             3045.48     7000.0000     7281.4892     7000.0000     7281.4892
  14.      uhomet 1                    2158.84             2333.64     7000.0000     7253.3692     7000.0000     7253.3692
  14.      uhomet 1                    2158.84             2160.71     7000.0000     7253.3168     7000.0000     7253.3168
  14.      uhomet 1                    2158.84             2540.53     7000.0000     7307.5474     7000.0000     7307.5474
  14.      uhomet 1                    2158.84             2999.83     7000.0000     7200.5280     7000.0000     7200.5280
  14.      uhomet 1                    2158.84             2070.57     7000.0000     7213.3769     7000.0000     7213.3769
  14.      uhomet 1                    2158.84             2017.74     7000.0000     7459.9387     7000.0000     7459.9387
  14.      uhomet 1                    2158.84             1957.84     7000.0000     7919.8775     7000.0000     7919.8775
  14.      uhomet 1                    2158.84             2041.92     7000.0000     7492.2151     7000.0000     7492.2151
  14.      uhomet 1                    2158.84             2297.22     7000.0000     7984.4303     7000.0000     7984.4303
  14.      uhomet 1                    2158.84             1922.56     7000.0000     7509.4859     7000.0000     7509.4859
  14.      uhomet 1                    2158.84             2370.65     7000.0000     8018.9717     7000.0000     8018.9717
  14.      uhomet 1                    2158.84             2283.35     7000.0000     7187.9563     7000.0000     7187.9563
  14.      uhomet 1                    2158.84             2862.54     7000.0000     7247.9243     7000.0000     7247.9243
  14.      uhomet 1                    2158.84             2343.10     7000.0000     7265.2219     7000.0000     7265.2219
  14.      uhomet 1                    2158.84             1946.55     7000.0000     7522.4522     7000.0000     7522.4522
  14.      uhomet 1                    2158.84             1913.70     7000.0000     8044.9044     7000.0000     8044.9044
  14.      uhomet 1                    2158.84             2437.58     7000.0000     7468.9411     7000.0000     7468.9411
  14.      uhomet 1                    2158.84             2243.40     7000.0000     7351.6490     7000.0000     7351.6490
  14.      uhomet 1                    2158.84             1989.17     7000.0000     7340.8124     7000.0000     7340.8124
  14.      uhomet 1                    2158.84             1984.75     7000.0000     7453.0913     7000.0000     7453.0913
  14.      uhomet 1                    2158.84             1925.45     7000.0000     7306.0877     7000.0000     7306.0877
  14.      uhomet 1                    2158.84             2046.39     7000.0000     7342.4822     7000.0000     7342.4822
  14.      uhomet 1                    2158.84             1914.90     7000.0000     3963.7137     7000.0000     3963.7137
  14.      uhomet 1                    2158.84             1776.18     7000.0000    -2572.5726     7000.0000    -2572.5726
  74.      cst                         2158.84             2100.54   -16720.0000   -17168.3429   -16720.0000   -17168.3429
  74.      cst                         2158.84             2880.92   -16720.0000   -17046.6903   -16720.0000   -17046.6903
  74.      cst                         2158.84             2042.25   -16720.0000   -16998.1994   -16720.0000   -16998.1994
  74.      cst                         2158.84             1980.74   -16720.0000   -17189.1785   -16720.0000   -17189.1785
  74.      cst                         2158.84             1952.51   -16720.0000   -17658.3571   -16720.0000   -17658.3571
  74.      cst                         2158.84             1905.54   -16720.0000   -17222.1033   -16720.0000   -17222.1033
  74.      cst                         2158.84             1862.49   -16720.0000   -17724.2067   -16720.0000   -17724.2067
  74.      cst                         2158.84             2576.32   -16720.0000   -17092.2922   -16720.0000   -17092.2922
  74.      cst                         2158.84             1904.36   -16720.0000   -17264.8068   -16720.0000   -17264.8068
  14.      uhomet 1                    2158.84             2459.65     7000.0000     6628.4395     7000.0000     6628.4395
  74.      cst                         2158.84             2031.45   -16720.0000   -17181.6497   -16720.0000   -17181.6497
  14.      uhomet 1                    2158.84             2520.79     7000.0000     6250.2331     7000.0000     6250.2331
  74.      cst                         2158.84             2049.88   -16720.0000   -17174.5048   -16720.0000   -17174.5048
  74.      cst                         2158.84             2752.04   -16720.0000   -17537.1417   -16720.0000   -17537.1417
  74.      cst                         2158.84             2506.28   -16720.0000   -16896.9652   -16720.0000   -16896.9652
  14.      uhomet 1                    2158.84             1908.00     7000.0000     7822.9686     7000.0000     7822.9686
  14.      uhomet 1                    2158.84             2360.80     7000.0000     9395.7041     7000.0000     9395.7041
  74.      cst                         2158.84             2164.62   -16720.0000   -17157.0127   -16720.0000   -17157.0127
  74.      cst                         2158.84             2532.14   -16720.0000   -17124.9863   -16720.0000   -17124.9863
  74.      cst                         2158.84             1965.45   -16720.0000   -17056.1704   -16720.0000   -17056.1704
  74.      cst                         2158.84             2497.87   -16720.0000   -16899.9474   -16720.0000   -16899.9474
  74.      cst                         2158.84             2702.42   -16720.0000   -17050.5475   -16720.0000   -17050.5475
  74.      cst                         2158.84             2212.47   -16720.0000   -16836.1605   -16720.0000   -16836.1605
  74.      cst                         2158.84             6015.22   -16720.0000   -16490.6714   -16720.0000   -16490.6714
  14.      uhomet 1                    2158.84             2118.77     7000.0000     7356.2462     7000.0000     7356.2462
  74.      cst                         2158.84             2620.57   -16720.0000   -17102.6085   -16720.0000   -17102.6085
  74.      cst                         2158.84             2002.85   -16720.0000   -17185.2412   -16720.0000   -17185.2412
  74.      cst                         2158.84             1907.59   -16720.0000   -17317.7260   -16720.0000   -17317.7260
  74.      cst                         2158.84             2010.04   -16720.0000   -17151.3707   -16720.0000   -17151.3707
  74.      cst                         2158.84             2640.20   -16720.0000   -17401.7635   -16720.0000   -17401.7635
  74.      cst                         2158.84             1913.96   -16720.0000   -17273.5678   -16720.0000   -17273.5678
  74.      cst                         2158.84             1939.77   -16720.0000   -17755.7246   -16720.0000   -17755.7246
  74.      cst                         2158.84             2335.22   -16720.0000   -16968.3690   -16720.0000   -16968.3690
  74.      cst                         2158.84             1861.95   -16720.0000   -14771.9728   -16720.0000   -14771.9728
  74.      cst                         2158.84             1835.62   -16720.0000   -10323.9457   -16720.0000   -10323.9457
  74.      cst                         2158.84             1879.41   -16720.0000   -17045.3011   -16720.0000   -17045.3011
  74.      cst                         2158.84             1887.86   -16720.0000   -17368.4295   -16720.0000   -17368.4295
  25.      kcst                        2158.84             2437.86      354.6000      563.4747      354.6000      563.4747
  25.      kcst                        2158.84             2783.96      354.6000      596.7099      354.6000      596.7099
  74.      cst                         2158.84             2033.28   -16720.0000   -16914.8798   -16720.0000   -16914.8798
  25.      kcst                        2158.84             1841.83      354.6000      574.5554      354.6000      574.5554
  14.      uhomet 1                    2158.84             2206.30     7000.0000     6319.4403     7000.0000     6319.4403
  74.      cst                         2158.84             2483.26   -16720.0000   -16902.1773   -16720.0000   -16902.1773
  25.      kcst                        2158.84             2437.86      354.6000      563.4747      354.6000      563.4747
  74.      cst                         2158.84             2483.26   -16720.0000   -16902.1773   -16720.0000   -16902.1773
  14.      uhomet 1                    2158.84             2025.73     7000.0000     6756.5761     7000.0000     6756.5761
  14.      uhomet 1                    2158.84             1994.14     7000.0000     6526.3230     7000.0000     6526.3230
  14.      uhomet 1                    2158.84             2007.43     7000.0000     7363.2415     7000.0000     7363.2415
  14.      uhomet 1                    2158.84             1929.90     7000.0000     6757.1934     7000.0000     6757.1934
  14.      uhomet 1                    2158.84             3183.14     7000.0000     6275.5347     7000.0000     6275.5347
  14.      uhomet 1                    2158.84             2478.82     7000.0000     6618.7799     7000.0000     6618.7799
  14.      uhomet 1                    2158.84             2118.77     7000.0000     7356.2462     7000.0000     7356.2462
  25.      kcst                        2158.84             2465.48      354.6000      579.9840      354.6000      579.9840
  74.      cst                         2158.84             2483.26   -16720.0000   -16902.1773   -16720.0000   -16902.1773
  25.      kcst                        2158.84             2465.48      354.6000      579.9840      354.6000      579.9840
  14.      uhomet 1                    2158.84             2455.48     7000.0000     6730.8767     7000.0000     6730.8767
  74.      cst                         2158.84             2463.11   -16720.0000   -16895.7587   -16720.0000   -16895.7587
  74.      cst                         2158.84             2347.77   -16720.0000   -16969.7785   -16720.0000   -16969.7785
  14.      uhomet 1                    2158.84             2455.48     7000.0000     6730.8767     7000.0000     6730.8767
  25.      kcst                        2158.84             2413.54      354.6000      626.0469      354.6000      626.0469
  25.      kcst                        2158.84             2033.10      354.6000      626.1696      354.6000      626.1696
  14.      uhomet 1                    2158.84             2200.27     7000.0000     7132.7339     7000.0000     7132.7339
  74.      cst                         2158.84             2318.03   -16720.0000   -16972.2869   -16720.0000   -16972.2869
  25.      kcst                        2158.84             2474.69      354.6000      584.1761      354.6000      584.1761
  74.      cst                         2158.84             2463.11   -16720.0000   -16895.7587   -16720.0000   -16895.7587
  25.      kcst                        2158.84             2474.69      354.6000      584.1761      354.6000      584.1761
  14.      uhomet 1                    2158.84             1963.44     7000.0000     6711.1681     7000.0000     6711.1681
  74.      cst                         2158.84             2456.54   -16720.0000   -16894.5950   -16720.0000   -16894.5950
  14.      uhomet 1                    2158.84             2482.87     7000.0000     6584.0339     7000.0000     6584.0339
  14.      uhomet 1                    2158.84             2118.77     7000.0000     7356.2462     7000.0000     7356.2462
  25.      kcst                        2158.84             2474.69      354.6000      584.1761      354.6000      584.1761
  25.      kcst                        2158.84             2141.09      354.6000      646.0454      354.6000      646.0454
  74.      cst                         2158.84             2440.04   -16720.0000   -16899.2637   -16720.0000   -16899.2637
  25.      kcst                        2158.84             2074.00      354.6000      633.7894      354.6000      633.7894
  25.      kcst                        2158.84             2455.49      354.6000      592.0879      354.6000      592.0879
  25.      kcst                        2158.84             1886.07      354.6000      558.1243      354.6000      558.1243
  14.      uhomet 1                    2158.84             2411.18     7000.0000     6680.4400     7000.0000     6680.4400
  74.      cst                         2158.84             2318.03   -16720.0000   -16972.2869   -16720.0000   -16972.2869
  25.      kcst                        2158.84             2026.66      354.6000      700.8625      354.6000      700.8625
  14.      uhomet 1                    2158.84             2324.43     7000.0000     7114.0953     7000.0000     7114.0953
  14.      uhomet 1                    2158.84             2333.78     7000.0000     6601.7643     7000.0000     6601.7643
  25.      kcst                        2158.84             1798.54      354.6000      710.6007      354.6000      710.6007
  25.      kcst                        2158.84             1996.19      354.6000     1066.6013      354.6000     1066.6013
  25.      kcst                        2158.84             2101.82      354.6000      664.3605      354.6000      664.3605
  14.      uhomet 1                    2158.84             2337.92     7000.0000     6648.2615     7000.0000     6648.2615
  14.      uhomet 1                    2158.84             2121.43     7000.0000     6548.3305     7000.0000     6548.3305
  25.      kcst                        2158.84             1795.34      354.6000      745.0157      354.6000      745.0157
  25.      kcst                        2158.84             2074.49      354.6000     1135.4314      354.6000     1135.4314
  14.      uhomet 1                    2158.84             1962.55     7000.0000     6608.3069     7000.0000     6608.3069
  74.      cst                         2158.84             2303.26   -16720.0000   -16981.6955   -16720.0000   -16981.6955
  14.      uhomet 1                    2158.84             2337.92     7000.0000     6648.2615     7000.0000     6648.2615
  74.      cst                         2158.84             2303.26   -16720.0000   -16981.6955   -16720.0000   -16981.6955
  74.      cst                         2158.84             2141.09   -16720.0000   -16972.1920   -16720.0000   -16972.1920
  14.      uhomet 1                    2158.84             2345.79     7000.0000     6670.8732     7000.0000     6670.8732
  25.      kcst                        2158.84             1911.00      354.6000      588.3124      354.6000      588.3124
  14.      uhomet 1                    2158.84             1997.51     7000.0000     6555.3131     7000.0000     6555.3131
  14.      uhomet 1                    2158.84             1787.50     7000.0000     6469.1928     7000.0000     6469.1928
  14.      uhomet 1                    2158.84             2477.18     7000.0000     5601.5440     7000.0000     5601.5440
  14.      uhomet 1                    2158.84             1777.11     7000.0000     6525.2045     7000.0000     6525.2045
  14.      uhomet 1                    2158.84             2090.99     7000.0000     5797.0922     7000.0000     5797.0922
  25.      kcst                        2158.84             1765.83      354.6000      789.2722      354.6000      789.2722
  25.      kcst                        2158.84             2193.50      354.6000     1223.9444      354.6000     1223.9444
  25.      kcst                        2158.84             2183.88      354.6000      753.1014      354.6000      753.1014
  14.      uhomet 1                    2158.84             2200.27     7000.0000     7132.7339     7000.0000     7132.7339
  25.      kcst                        2158.84             1717.59      354.6000      804.5239      354.6000      804.5239
  25.      kcst                        2158.84             2010.47      354.6000     1254.4478      354.6000     1254.4478
  25.      kcst                        2158.84             2145.97      354.6000      768.8882      354.6000      768.8882
  25.      kcst                        2158.84             1901.78      354.6000      652.1654      354.6000      652.1654
  14.      uhomet 1                    2158.84             1774.12     7000.0000     6337.5194     7000.0000     6337.5194
  14.      uhomet 1                    2158.84             2321.89     7000.0000     5302.0532     7000.0000     5302.0532
  25.      kcst                        2158.84             1782.09      354.6000     -188.3452      354.6000     -188.3452
  14.      uhomet 1                    2158.84             1928.88     7000.0000     6451.7436     7000.0000     6451.7436
  14.      uhomet 1                    2158.84             2145.86     7000.0000     6280.6920     7000.0000     6280.6920
  14.      uhomet 1                    2158.84             2118.77     7000.0000     7356.2462     7000.0000     7356.2462
  14.      uhomet 1                    2158.84             2135.80     7000.0000     6394.6034     7000.0000     6394.6034
  74.      cst                         2158.84             2112.42   -16720.0000   -16813.3530   -16720.0000   -16813.3530
  74.      cst                         2158.84             1967.41   -16720.0000   -16965.8046   -16720.0000   -16965.8046
  74.      cst                         2158.84             1957.87   -16720.0000   -16890.5883   -16720.0000   -16890.5883
  14.      uhomet 1                    2158.84             2127.49     7000.0000     7284.0027     7000.0000     7284.0027
  14.      uhomet 1                    2158.84             2135.80     7000.0000     6394.6034     7000.0000     6394.6034
  74.      cst                         2158.84             2249.76   -16720.0000   -17096.7593   -16720.0000   -17096.7593
  74.      cst                         2158.84             1951.17   -16720.0000   -17000.8214   -16720.0000   -17000.8214
  14.      uhomet 1                    2158.84             2146.90     7000.0000     6304.9690     7000.0000     6304.9690
  14.      uhomet 1                    2158.84             2132.63     7000.0000     7263.4667     7000.0000     7263.4667
  14.      uhomet 1                    2158.84             2115.63     7000.0000     7386.7327     7000.0000     7386.7327
  74.      cst                         2158.84             2222.56   -16720.0000   -16861.9835   -16720.0000   -16861.9835
  74.      cst                         2158.84             1925.30   -16720.0000   -16885.1149   -16720.0000   -16885.1149
  25.      kcst                        2158.84             1780.96      354.6000      777.2441      354.6000      777.2441
  14.      uhomet 1                    2158.84             2142.02     7000.0000     6298.6214     7000.0000     6298.6214
  25.      kcst                        2158.84             2188.48      354.6000      774.4686      354.6000      774.4686
  74.      cst                         2158.84             2112.42   -16720.0000   -16813.3530   -16720.0000   -16813.3530
  74.      cst                         2158.84             2071.02   -16720.0000   -16914.1627   -16720.0000   -16914.1627
  14.      uhomet 1                    2158.84             2150.92     7000.0000     6394.2234     7000.0000     6394.2234
  14.      uhomet 1                    2158.84             2100.37     7000.0000     7362.4232     7000.0000     7362.4232
  14.      uhomet 1                    2158.84             1788.41     7000.0000     6375.7566     7000.0000     6375.7566
  14.      uhomet 1                    2158.84             2112.38     7000.0000     6266.6163     7000.0000     6266.6163
  25.      kcst                        2158.84             2132.16      354.6000      786.1983      354.6000      786.1983
  74.      cst                         2158.84             2100.65   -16720.0000   -16982.0065   -16720.0000   -16982.0065
  14.      uhomet 1                    2158.84             2150.92     7000.0000     6394.2234     7000.0000     6394.2234
  74.      cst                         2158.84             2112.42   -16720.0000   -16813.3530   -16720.0000   -16813.3530
  74.      cst                         2158.84             2104.80   -16720.0000   -16975.1042   -16720.0000   -16975.1042
  25.      kcst                        2158.84             2163.47      354.6000      780.4206      354.6000      780.4206
  74.      cst                         2158.84             2096.97   -16720.0000   -16957.2047   -16720.0000   -16957.2047
  74.      cst                         2158.84             2094.99   -16720.0000   -16816.2170   -16720.0000   -16816.2170
  14.      uhomet 1                    2158.84             2170.83     7000.0000     6413.2140     7000.0000     6413.2140
  14.      uhomet 1                    2158.84             2025.04     7000.0000     6542.0224     7000.0000     6542.0224
  74.      cst                         2158.84             2087.59   -16720.0000   -16971.8422   -16720.0000   -16971.8422
  14.      uhomet 1                    2158.84             2107.45     7000.0000     7391.2779     7000.0000     7391.2779
  25.      kcst                        2158.84             2115.07      354.6000      777.8679      354.6000      777.8679
  14.      uhomet 1                    2158.84             2130.49     7000.0000     6437.9968     7000.0000     6437.9968
  74.      cst                         2158.84             2087.59   -16720.0000   -16971.8422   -16720.0000   -16971.8422
  14.      uhomet 1                    2158.84             2130.49     7000.0000     6437.9968     7000.0000     6437.9968
  14.      uhomet 1                    2158.84             2088.85     7000.0000     6497.4835     7000.0000     6497.4835
  14.      uhomet 1                    2158.84             2099.94     7000.0000     6202.6784     7000.0000     6202.6784
  14.      uhomet 1                    2158.84             2033.02     7000.0000     6645.6518     7000.0000     6645.6518
  74.      cst                         2158.84             2097.76   -16720.0000   -16948.9404   -16720.0000   -16948.9404
  74.      cst                         2158.84             2130.23   -16720.0000   -16792.5116   -16720.0000   -16792.5116
  14.      uhomet 1                    2158.84             2111.75     7000.0000     7418.1133     7000.0000     7418.1133
  14.      uhomet 1                    2158.84             2099.94     7000.0000     6202.6784     7000.0000     6202.6784
  25.      kcst                        2158.84             2115.07      354.6000      777.8679      354.6000      777.8679
  25.      kcst                        2158.84             1817.96      354.6000      681.6663      354.6000      681.6663
  14.      uhomet 1                    2158.84             2131.51     7000.0000     6440.9987     7000.0000     6440.9987
  14.      uhomet 1                    2158.84             1839.75     7000.0000     6615.2416     7000.0000     6615.2416
  14.      uhomet 1                    2158.84             2107.81     7000.0000     7390.7663     7000.0000     7390.7663
  14.      uhomet 1                    2158.84             2099.94     7000.0000     6202.6784     7000.0000     6202.6784
  14.      uhomet 1                    2158.84             2107.81     7000.0000     7390.7663     7000.0000     7390.7663
  74.      cst                         2158.84             1887.27   -16720.0000   -16933.4199   -16720.0000   -16933.4199
  14.      uhomet 1                    2158.84             1945.17     7000.0000     6677.6838     7000.0000     6677.6838
  14.      uhomet 1                    2158.84             1906.36     7000.0000     6677.4765     7000.0000     6677.4765
  74.      cst                         2158.84             2081.50   -16720.0000   -17135.2639   -16720.0000   -17135.2639
  74.      cst                         2158.84             1855.97   -16720.0000   -17014.7916   -16720.0000   -17014.7916
  14.      uhomet 1                    2158.84             1804.23     7000.0000     6594.2446     7000.0000     6594.2446
  14.      uhomet 1                    2158.84             1796.75     7000.0000     6175.5931     7000.0000     6175.5931
  14.      uhomet 1                    2158.84             2430.19     7000.0000     4959.0889     7000.0000     4959.0889
  25.      kcst                        2158.84             1950.71      354.6000      608.9240      354.6000      608.9240
  14.      uhomet 1                    2158.84             1910.38     7000.0000     6179.0680     7000.0000     6179.0680
  14.      uhomet 1                    2158.84             1858.79     7000.0000     6521.3017     7000.0000     6521.3017
  74.      cst                         2158.84             2070.91   -16720.0000   -16889.4424   -16720.0000   -16889.4424
  25.      kcst                        2158.84             1840.67      354.6000      663.6493      354.6000      663.6493
  14.      uhomet 1                    2158.84             2066.91     7000.0000     6389.2799     7000.0000     6389.2799
  14.      uhomet 1                    2158.84             1992.28     7000.0000     6514.1850     7000.0000     6514.1850
  14.      uhomet 1                    2158.84             1815.08     7000.0000     6501.7273     7000.0000     6501.7273
  74.      cst                         2158.84             1999.93   -16720.0000   -16960.2880   -16720.0000   -16960.2880
  25.      kcst                        2158.84             1948.90      354.6000      533.2032      354.6000      533.2032
  25.      kcst                        2158.84             1860.51      354.6000      592.5825      354.6000      592.5825
  14.      uhomet 1                    2158.84             1858.89     7000.0000     6470.5071     7000.0000     6470.5071
  25.      kcst                        2158.84             1963.91      354.6000      754.9029      354.6000      754.9029
  14.      uhomet 1                    2158.84             1943.73     7000.0000     6079.7264     7000.0000     6079.7264
  14.      uhomet 1                    2158.84             2071.75     7000.0000     6337.8561     7000.0000     6337.8561
  14.      uhomet 1                    2158.84             1809.52     7000.0000     6520.9803     7000.0000     6520.9803
  25.      kcst                        2158.84             2053.75      354.6000      547.2381      354.6000      547.2381
  14.      uhomet 1                    2158.84             1992.28     7000.0000     6514.1850     7000.0000     6514.1850
  25.      kcst                        2158.84             2053.75      354.6000      547.2381      354.6000      547.2381
  25.      kcst                        2158.84             1872.69      354.6000      581.4876      354.6000      581.4876
  14.      uhomet 1                    2158.84             2275.06     7000.0000     6250.3655     7000.0000     6250.3655
  14.      uhomet 1                    2158.84             1905.86     7000.0000     6474.2536     7000.0000     6474.2536
  25.      kcst                        2158.84             1940.25      354.6000      757.3697      354.6000      757.3697
  14.      uhomet 1                    2158.84             1812.16     7000.0000     5906.8611     7000.0000     5906.8611
  14.      uhomet 1                    2158.84             1925.41     7000.0000     6543.5672     7000.0000     6543.5672
  14.      uhomet 1                    2158.84             1786.37     7000.0000     5231.5381     7000.0000     5231.5381
  14.      uhomet 1                    2158.84             1820.53     7000.0000     5757.9628     7000.0000     5757.9628
  14.      uhomet 1                    2158.84             2831.70     7000.0000     5894.8073     7000.0000     5894.8073
  14.      uhomet 1                    2158.84             2330.26     7000.0000     6234.0305     7000.0000     6234.0305
  25.      kcst                        2158.84             1716.43      354.6000      790.8840      354.6000      790.8840
  25.      kcst                        2158.84             1723.86      354.6000      754.5693      354.6000      754.5693
  25.      kcst                        2158.84             1726.28      354.6000      796.8981      354.6000      796.8981
  25.      kcst                        2158.84             1748.75      354.6000      774.7698      354.6000      774.7698
  14.      uhomet 1                    2158.84             1719.50     7000.0000     6464.5496     7000.0000     6464.5496
  14.      uhomet 1                    2158.84             1718.00     7000.0000     6545.5128     7000.0000     6545.5128
  25.      kcst                        2158.84             1742.90      354.6000      757.5623      354.6000      757.5623
  14.      uhomet 1                    2158.84             1745.80     7000.0000     6611.3495     7000.0000     6611.3495
  74.      cst                         2158.84             1731.74   -16720.0000   -17084.5342   -16720.0000   -17084.5342
  25.      kcst                        2158.84             1742.13      354.6000      738.3923      354.6000      738.3923
  14.      uhomet 1                    2158.84             1737.68     7000.0000     6330.1836     7000.0000     6330.1836
  14.      uhomet 1                    2158.84             1768.86     7000.0000     2090.4667     7000.0000     2090.4667
  25.      kcst                        2158.84             1729.80      354.6000      752.6602      354.6000      752.6602
  14.      uhomet 1                    2158.84             1726.24     7000.0000     6564.6313     7000.0000     6564.6313
  25.      kcst                        2158.84             1741.70      354.6000      743.0951      354.6000      743.0951
  14.      uhomet 1                    2158.84             1746.48     7000.0000     6255.7345     7000.0000     6255.7345
  14.      uhomet 1                    2158.84             1733.46     7000.0000     5992.5221     7000.0000     5992.5221
  25.      kcst                        2158.84             1762.46      354.6000      689.5397      354.6000      689.5397
  25.      kcst                        2158.84             1769.78      354.6000      734.0866      354.6000      734.0866
  74.      cst                         2158.84             1743.24   -16720.0000   -17050.9671   -16720.0000   -17050.9671
  25.      kcst                        2158.84             1745.63      354.6000      732.6243      354.6000      732.6243
  25.      kcst                        2158.84             1726.01      354.6000      828.2561      354.6000      828.2561
  25.      kcst                        2158.84             1718.88      354.6000      698.5532      354.6000      698.5532
  25.      kcst                        2158.84             1743.77      354.6000      713.0455      354.6000      713.0455
  74.      cst                         2158.84             1779.22   -16720.0000   -17405.6747   -16720.0000   -17405.6747
  74.      cst                         2158.84             1756.87   -16720.0000   -13705.5442   -16720.0000   -13705.5442
  25.      kcst                        2158.84             1752.70      354.6000      716.0287      354.6000      716.0287
  25.      kcst                        2158.84             1765.98      354.6000      681.3241      354.6000      681.3241
  25.      kcst                        2158.84             1792.26      354.6000      693.0058      354.6000      693.0058
  25.      kcst                        2158.84             1723.95      354.6000      579.5619      354.6000      579.5619
  25.      kcst                        2158.84             1733.15      354.6000      728.3446      354.6000      728.3446
  25.      kcst                        2158.84             1791.57      354.6000      659.1271      354.6000      659.1271
  25.      kcst                        2158.84             1790.58      354.6000      767.4289      354.6000      767.4289
  25.      kcst                        2158.84             1748.94      354.6000      727.8234      354.6000      727.8234
  74.      cst                         2158.84             1761.86   -16720.0000   -17202.4343   -16720.0000   -17202.4343
  14.      uhomet 1                    2158.84             1775.74     7000.0000     6466.2871     7000.0000     6466.2871
  25.      kcst                        2158.84             1761.10      354.6000      715.8715      354.6000      715.8715
  14.      uhomet 1                    2158.84             1756.22     7000.0000     6648.5367     7000.0000     6648.5367
  74.      cst                         2158.84             1767.03   -16720.0000   -17010.4942   -16720.0000   -17010.4942
  25.      kcst                        2158.84             1790.28      354.6000      766.4864      354.6000      766.4864
  25.      kcst                        2158.84             1783.81      354.6000      658.5351      354.6000      658.5351
  74.      cst                         2158.84             1791.17   -16720.0000   -17200.4073   -16720.0000   -17200.4073
  74.      cst                         2158.84             1795.11   -16720.0000   -17085.5306   -16720.0000   -17085.5306
  74.      cst                         2158.84             1774.67   -16720.0000   -17180.3552   -16720.0000   -17180.3552
  25.      kcst                        2158.84             1733.65      354.6000      696.6726      354.6000      696.6726
  25.      kcst                        2158.84             1780.99      354.6000      696.4181      354.6000      696.4181
  14.      uhomet 1                    2158.84             1775.88     7000.0000     6416.6163     7000.0000     6416.6163
  25.      kcst                        2158.84             1808.41      354.6000      706.7239      354.6000      706.7239
  25.      kcst                        2158.84             1791.84      354.6000      699.0988      354.6000      699.0988
  25.      kcst                        2158.84             1810.92      354.6000      656.7433      354.6000      656.7433
  25.      kcst                        2158.84             1788.68      354.6000      780.9468      354.6000      780.9468
  25.      kcst                        2158.84             1753.21      354.6000      668.8635      354.6000      668.8635
  74.      cst                         2158.84             1785.45   -16720.0000   -17175.9747   -16720.0000   -17175.9747
  25.      kcst                        2158.84             1785.55      354.6000      748.9716      354.6000      748.9716
  74.      cst                         2158.84             1805.05   -16720.0000   -17232.0990   -16720.0000   -17232.0990
  74.      cst                         2158.84             1793.97   -16720.0000   -17012.8884   -16720.0000   -17012.8884
  74.      cst                         2158.84             1842.10   -16720.0000   -17372.7499   -16720.0000   -17372.7499
  14.      uhomet 1                    2158.84             2296.19     7000.0000     6324.1567     7000.0000     6324.1567
  14.      uhomet 1                    2158.84             1824.78     7000.0000     6493.7683     7000.0000     6493.7683
  74.      cst                         2158.84             1813.63   -16720.0000   -17161.5829   -16720.0000   -17161.5829
  14.      uhomet 1                    2158.84             1790.11     7000.0000     6508.7369     7000.0000     6508.7369
  14.      uhomet 1                    2158.84             1825.62     7000.0000     6482.8983     7000.0000     6482.8983
  74.      cst                         2158.84             1813.63   -16720.0000   -17161.5829   -16720.0000   -17161.5829
  14.      uhomet 1                    2158.84             1745.08     7000.0000     6441.5725     7000.0000     6441.5725
  14.      uhomet 1                    2158.84             1727.18     7000.0000     6530.7733     7000.0000     6530.7733
  14.      uhomet 1                    2158.84             1816.85     7000.0000     6459.2952     7000.0000     6459.2952
  74.      cst                         2158.84             1813.63   -16720.0000   -17161.5829   -16720.0000   -17161.5829
  25.      kcst                        2158.84             1785.82      354.6000      730.8593      354.6000      730.8593
  14.      uhomet 1                    2158.84             1737.19     7000.0000     5934.6432     7000.0000     5934.6432
  14.      uhomet 1                    2158.84             1698.73     7000.0000     6465.4259     7000.0000     6465.4259
  14.      uhomet 1                    2158.84             1761.29     7000.0000     6154.4772     7000.0000     6154.4772
  14.      uhomet 1                    2158.84             1683.59     7000.0000     6086.9337     7000.0000     6086.9337
  14.      uhomet 1                    2158.84             1731.26     7000.0000     5042.3714     7000.0000     5042.3714
  14.      uhomet 1                    2158.84             1710.77     7000.0000     6155.5499     7000.0000     6155.5499
  14.      uhomet 1                    2158.84             1706.12     7000.0000     6234.7715     7000.0000     6234.7715
  14.      uhomet 1                    2158.84             1753.56     7000.0000     5833.1957     7000.0000     5833.1957
  14.      uhomet 1                    2158.84             1766.67     7000.0000     6588.9929     7000.0000     6588.9929
  14.      uhomet 1                    2158.84             1725.18     7000.0000     6384.0015     7000.0000     6384.0015
  14.      uhomet 1                    2158.84             1694.87     7000.0000     6254.7866     7000.0000     6254.7866
  14.      uhomet 1                    2158.84             1784.24     7000.0000     5686.2724     7000.0000     5686.2724
  14.      uhomet 1                    2158.84             1648.93     7000.0000     6451.6079     7000.0000     6451.6079
  14.      uhomet 1                    2158.84             1687.63     7000.0000     6289.3358     7000.0000     6289.3358
  14.      uhomet 1                    2158.84             1796.24     7000.0000     6457.5640     7000.0000     6457.5640
  14.      uhomet 1                    2158.84             1751.52     7000.0000     6493.8292     7000.0000     6493.8292
  14.      uhomet 1                    2158.84             1730.45     7000.0000     6274.5374     7000.0000     6274.5374
  14.      uhomet 1                    2158.84             1676.55     7000.0000     6083.4505     7000.0000     6083.4505
  14.      uhomet 1                    2158.84             1715.65     7000.0000     6324.9586     7000.0000     6324.9586
  14.      uhomet 1                    2158.84             1693.72     7000.0000     6251.7500     7000.0000     6251.7500
  14.      uhomet 1                    2158.84             1767.87     7000.0000     6568.9164     7000.0000     6568.9164
  14.      uhomet 1                    2158.84             1784.66     7000.0000     5943.0340     7000.0000     5943.0340
  74.      cst                         2158.84             1767.03   -16720.0000   -17010.4942   -16720.0000   -17010.4942
  14.      uhomet 1                    2158.84             1636.21     7000.0000     5958.5711     7000.0000     5958.5711
  14.      uhomet 1                    2158.84             4377.84     7000.0000     4905.7076     7000.0000     4905.7076
  14.      uhomet 1                    2158.84             1703.48     7000.0000     6094.4596     7000.0000     6094.4596
  14.      uhomet 1                    2158.84             1758.92     7000.0000     6353.3578     7000.0000     6353.3578
  14.      uhomet 1                    2158.84             1686.22     7000.0000     6452.0247     7000.0000     6452.0247
  14.      uhomet 1                    2158.84             1907.46     7000.0000    10980.8822     7000.0000    10980.8822
  14.      uhomet 1                    2158.84             1737.48     7000.0000     8758.2783     7000.0000     8758.2783
  14.      uhomet 1                    2158.84             1703.73     7000.0000     6427.5344     7000.0000     6427.5344
  14.      uhomet 1                    2158.84             1740.94     7000.0000     6339.0711     7000.0000     6339.0711
  14.      uhomet 1                    2158.84             1730.87     7000.0000     6383.7448     7000.0000     6383.7448
  14.      uhomet 1                    2158.84             1689.48     7000.0000     6194.8712     7000.0000     6194.8712
  14.      uhomet 1                    2158.84             1699.05     7000.0000     6236.1672     7000.0000     6236.1672
  14.      uhomet 1                    2158.84             1750.22     7000.0000     6474.2328     7000.0000     6474.2328
  14.      uhomet 1                    2158.84             1782.59     7000.0000     6017.4048     7000.0000     6017.4048
  14.      uhomet 1                    2158.84             1712.74     7000.0000     6269.6649     7000.0000     6269.6649
  14.      uhomet 1                    2158.84             1685.12     7000.0000     6257.6565     7000.0000     6257.6565
  25.      kcst                        2158.84             1749.99      354.6000      747.6632      354.6000      747.6632
  74.      cst                         2158.84             1729.68   -16720.0000   -19993.4100   -16720.0000   -19993.4100
  14.      uhomet 1                    2158.84             1715.15     7000.0000     6135.7901     7000.0000     6135.7901
  14.      uhomet 1                    2158.84             1783.69     7000.0000     6059.1537     7000.0000     6059.1537
  14.      uhomet 1                    2158.84             1715.93     7000.0000     6269.6723     7000.0000     6269.6723
  14.      uhomet 1                    2158.84             1738.60     7000.0000     6298.5515     7000.0000     6298.5515
  14.      uhomet 1                    2158.84             1692.45     7000.0000     6307.9253     7000.0000     6307.9253
  14.      uhomet 1                    2158.84             1748.49     7000.0000     6455.4738     7000.0000     6455.4738
  74.      cst                         2158.84             1712.12   -16720.0000   -17169.0777   -16720.0000   -17169.0777
  14.      uhomet 1                    2158.84             1714.43     7000.0000     6479.6246     7000.0000     6479.6246
  14.      uhomet 1                    2158.84             1748.15     7000.0000     6518.8274     7000.0000     6518.8274
  74.      cst                         2158.84             1725.57   -16720.0000   -17102.0492   -16720.0000   -17102.0492
  14.      uhomet 1                    2158.84             1667.64     7000.0000     6177.1820     7000.0000     6177.1820
  14.      uhomet 1                    2158.84             1687.22     7000.0000     6321.5686     7000.0000     6321.5686
  14.      uhomet 1                    2158.84             1747.41     7000.0000     6433.2238     7000.0000     6433.2238
  14.      uhomet 1                    2158.84             1736.59     7000.0000     6274.1317     7000.0000     6274.1317
  14.      uhomet 1                    2158.84             1709.56     7000.0000     6320.5747     7000.0000     6320.5747
  25.      kcst                        2158.84             1675.31      354.6000      680.8194      354.6000      680.8194
  14.      uhomet 1                    2158.84             1752.73     7000.0000     6509.5805     7000.0000     6509.5805
  14.      uhomet 1                    2158.84             1702.05     7000.0000     6490.4913     7000.0000     6490.4913
  14.      uhomet 1                    2158.84             1678.17     7000.0000     6101.8839     7000.0000     6101.8839
  14.      uhomet 1                    2158.84             1693.70     7000.0000     6226.1132     7000.0000     6226.1132
  14.      uhomet 1                    2158.84             1693.80     7000.0000     6461.3546     7000.0000     6461.3546
  14.      uhomet 1                    2158.84             1676.35     7000.0000     6259.5123     7000.0000     6259.5123
  14.      uhomet 1                    2158.84             1680.85     7000.0000     6147.7008     7000.0000     6147.7008
  14.      uhomet 1                    2158.84             1699.59     7000.0000     4030.2834     7000.0000     4030.2834
  14.      uhomet 1                    2158.84             1734.70     7000.0000     6410.4218     7000.0000     6410.4218
  14.      uhomet 1                    2158.84             1734.33     7000.0000     6439.6237     7000.0000     6439.6237
  14.      uhomet 1                    2158.84             1747.37     7000.0000     6387.4118     7000.0000     6387.4118
  14.      uhomet 1                    2158.84             1692.56     7000.0000     6373.1048     7000.0000     6373.1048
  74.      cst                         2158.84             1692.30   -16720.0000   -17172.6114   -16720.0000   -17172.6114
  74.      cst                         2158.84             1668.78   -16720.0000   -17197.4416   -16720.0000   -17197.4416
  14.      uhomet 1                    2158.84             1736.31     7000.0000     6333.0332     7000.0000     6333.0332
  14.      uhomet 1                    2158.84             1736.68     7000.0000     6359.5197     7000.0000     6359.5197
  14.      uhomet 1                    2158.84             1731.62     7000.0000     6437.8377     7000.0000     6437.8377
  14.      uhomet 1                    2158.84             1733.21     7000.0000     6414.0992     7000.0000     6414.0992
  14.      uhomet 1                    2158.84             1715.79     7000.0000     6006.2954     7000.0000     6006.2954
  14.      uhomet 1                    2158.84             1688.12     7000.0000     5945.1867     7000.0000     5945.1867
  14.      uhomet 1                    2158.84             1733.18     7000.0000     6303.6297     7000.0000     6303.6297
  14.      uhomet 1                    2158.84             1657.49     7000.0000     5982.7229     7000.0000     5982.7229
  14.      uhomet 1                    2158.84             1736.66     7000.0000     6388.2164     7000.0000     6388.2164
  14.      uhomet 1                    2158.84             1733.18     7000.0000     6303.6297     7000.0000     6303.6297
  14.      uhomet 1                    2158.84             1727.93     7000.0000     6249.2994     7000.0000     6249.2994
  14.      uhomet 1                    2158.84             1741.78     7000.0000     6381.6010     7000.0000     6381.6010
  14.      uhomet 1                    2158.84             1691.28     7000.0000     6362.1082     7000.0000     6362.1082
  14.      uhomet 1                    2158.84             1669.22     7000.0000     6413.7661     7000.0000     6413.7661
  14.      uhomet 1                    2158.84             1710.80     7000.0000     6038.7741     7000.0000     6038.7741
  14.      uhomet 1                    2158.84             1681.98     7000.0000     5984.1518     7000.0000     5984.1518
  14.      uhomet 1                    2158.84             1742.56     7000.0000     6108.0742     7000.0000     6108.0742
  14.      uhomet 1                    2158.84             1706.35     7000.0000     6213.7490     7000.0000     6213.7490
  74.      cst                         2158.84             1741.04   -16720.0000   -13759.6087   -16720.0000   -13759.6087
  74.      cst                         2158.84             1708.33   -16720.0000   -15318.0590   -16720.0000   -15318.0590
  14.      uhomet 1                    2158.84             1854.62     7000.0000     5751.0968     7000.0000     5751.0968
  14.      uhomet 1                    2158.84             1744.94     7000.0000     6032.5109     7000.0000     6032.5109
  14.      uhomet 1                    2158.84             1665.81     7000.0000     6205.0895     7000.0000     6205.0895
  14.      uhomet 1                    2158.84             1666.52     7000.0000     5970.6470     7000.0000     5970.6470
  14.      uhomet 1                    2158.84             1659.13     7000.0000     6067.8766     7000.0000     6067.8766
  14.      uhomet 1                    2158.84             1675.47     7000.0000     6186.1686     7000.0000     6186.1686
  14.      uhomet 1                    2158.84             1658.79     7000.0000     6391.5400     7000.0000     6391.5400
  14.      uhomet 1                    2158.84             1685.80     7000.0000     6109.0417     7000.0000     6109.0417
  14.      uhomet 1                    2158.84             1679.43     7000.0000     6030.2275     7000.0000     6030.2275
  14.      uhomet 1                    2158.84             1681.13     7000.0000     6318.5180     7000.0000     6318.5180
  14.      uhomet 1                    2158.84             1673.90     7000.0000     6021.0108     7000.0000     6021.0108
  14.      uhomet 1                    2158.84             1674.86     7000.0000     6053.1360     7000.0000     6053.1360
  14.      uhomet 1                    2158.84             1684.35     7000.0000     5971.3615     7000.0000     5971.3615
  14.      uhomet 1                    2158.84             1674.26     7000.0000     6108.1138     7000.0000     6108.1138
  14.      uhomet 1                    2158.84             1666.46     7000.0000     6205.2979     7000.0000     6205.2979
  14.      uhomet 1                    2158.84             1687.14     7000.0000     6140.0699     7000.0000     6140.0699
  14.      uhomet 1                    2158.84             1661.97     7000.0000     6022.7524     7000.0000     6022.7524
  14.      uhomet 1                    2158.84             1675.41     7000.0000     5951.8789     7000.0000     5951.8789
  14.      uhomet 1                    2158.84             1675.31     7000.0000     6076.7212     7000.0000     6076.7212
  14.      uhomet 1                    2158.84             1691.42     7000.0000     6160.3396     7000.0000     6160.3396
  14.      uhomet 1                    2158.84             1678.94     7000.0000     6133.2482     7000.0000     6133.2482
  14.      uhomet 1                    2158.84             1664.82     7000.0000     6348.4991     7000.0000     6348.4991
  14.      uhomet 1                    2158.84             1678.48     7000.0000     6165.8379     7000.0000     6165.8379
  14.      uhomet 1                    2158.84             1683.39     7000.0000     6209.9628     7000.0000     6209.9628
  14.      uhomet 1                    2158.84             1674.06     7000.0000     6092.3422     7000.0000     6092.3422
  14.      uhomet 1                    2158.84             1677.20     7000.0000     6106.6789     7000.0000     6106.6789
  14.      uhomet 1                    2158.84             1683.31     7000.0000     6211.9985     7000.0000     6211.9985
  14.      uhomet 1                    2158.84             1693.06     7000.0000     6105.1606     7000.0000     6105.1606
  14.      uhomet 1                    2158.84             1685.75     7000.0000     6193.0527     7000.0000     6193.0527
  14.      uhomet 1                    2158.84             1674.69     7000.0000     6026.5154     7000.0000     6026.5154
  14.      uhomet 1                    2158.84             1660.64     7000.0000     4994.4272     7000.0000     4994.4272
  14.      uhomet 1                    2158.84             1690.93     7000.0000     6224.5312     7000.0000     6224.5312
  14.      uhomet 1                    2158.84             1683.17     7000.0000     6097.3691     7000.0000     6097.3691
