 neval,hmin,hmean,hstd so far from pnmead are:
         335   934.43738285402230        994.62498181880619        27.754548712884105     

 parameters that correspond to hminvalue so far are:
  0.96793895485285386     
  -2.4803335424762083     
   3.9258787054252906     
  -102.60000000000085     
   1.3396511357239302     
  0.78859115384796985     
   1.1638655656564914     
  -99.699999999998951     
   4.0497421152031343     
   1.3508499587152909     
   2.1021224322430943     
  -2.3495422632958687     
   1.5400000000000138     
   7000.0000000000000     
   7000.0000000000000     
  -1.7403579138150822     
   0.0000000000000000     
   0.0000000000000000     
   0.0000000000000000     
  -1.2210000000000170     
  -2.0000000000000000     
   0.0000000000000000     
   0.0000000000000000     
   7000.0000000000000     
   354.60000000000025     
   1.5000000000000000     
  -7.0496677044732561     
  -7.8440601028470560     
  -11.381747061670550     
   7.0876368161210124     
  -16.686383380816658     
  -3.9490000000000487     
   5362.0000000000000     
   0.0000000000000000     
   6393.0000000000000     
   2126.0000000000000     
   6450.0000000000000     
   6136.0000000000000     
   2928.0000000000000     
   4107.0000000000000     
   3756.0000000000000     
   1.2619977570323028E-002
  0.31136715357766193     
   2.0344800850551889E-002
  0.23380273652932107     
 -0.24859999999999866     
  0.17066173220011405     
  0.20560565125717192     
  0.15870660573452355     
  0.17652031473846524     
 -0.67224906810963059     
 -0.65001063416283245     
   0.0000000000000000     
  0.13985965207580653     
  -8.0336293944483911E-002
  -1.1758489779005579E-002
  0.21645404752534231     
 -0.71160000000000001     
  -6.8401005450541161E-002
  0.36042748434946753     
   9.3500146636753989E-002
  0.10566053663316732     
 -0.81775608719860748     
  -1.4695186643035050     
   7000.0000000000000     
  -1.6423428971577814     
  -1.3754018872042229     
  -2.1419999999999910     
  -1.9820000000000004     
 -0.38069999999999876     
 -0.32520000000000265     
   9.3231745397288819     
   8.7908309814077388     
  -16720.000000000000     
  -6.0000000000000000     
  -4.4058137406477405E-002
  -2.3302131615487904     
   9.5087894951894789     
   8.9320333086712012     
  -19690.000000000000     
  -6.0000000000000000     
  0.62244979429586267     
 -0.29922023869263586     
   8.9626565216224758     
   9.1620182959026000     
  -19440.000000000000     
  -6.0000000000000000     
 -0.62669971825160187     
 -0.61686671991743758     
   9.1073277834619617     
   8.9030698836278379     
  -18910.000000000000     
  -6.0000000000000000     
