   2.9125073738402341     
  -3.2691397589454700     
   4.4264185932200908     
  -102.59999999999974     
  0.24467096898838564     
   6.8277446310075804E-002
  0.86309868691632086     
  -99.699999999997530     
   4.9485432451377189     
   1.3751241021051146     
   3.1003943018985254     
  -1.6602971498920391     
   1.9658727056718064     
   7213.3362589834751     
   7000.0000000000000     
  -1.9543813192030006     
   0.0000000000000000     
   0.0000000000000000     
   0.0000000000000000     
  -1.2210000000000334     
  -2.7480561461441697     
   0.0000000000000000     
   0.0000000000000000     
   7000.0000000000000     
   43.942545008891102     
  -1.3384961062704068     
  -7.1252711063565570     
  -7.2983018872333396     
  -7.8512978288429203     
   9.0247320876520334     
  -2.9021903368326267     
  -3.9490000000000691     
   4909.9749784900996     
   0.0000000000000000     
   8236.5928711904744     
   3596.6060463976391     
   6004.6047012919043     
   8037.1058435602718     
   3390.3059792884565     
   4283.2441197974431     
   4274.9380375470046     
   6.1200653568222206E-002
  0.11639166195715146     
   5.9219227211107797E-002
  0.21074478100373562     
 -0.24859999999999804     
  0.21849417586407729     
  0.17388338020686167     
  0.22704089502620836     
  0.12961998184715207     
  -1.0305853577732580     
  -1.1258798283744715     
   0.0000000000000000     
   5.9875832060382633E-002
   4.6929772305086659E-002
  0.10812574593866389     
  0.15233976038790137     
 -0.71159999999998647     
  0.22072111091219784     
  0.27998699257308918     
  0.10758877383183955     
  0.16223664626706391     
 -0.50186509299280491     
  -1.4596585349071574     
   7000.0000000000000     
  -2.0413892368646254     
  -1.6874122934157896     
  -2.1280904297698848     
  -2.2640807753873524     
 -0.38069999999999904     
 -0.32520000000000426     
   9.5744762794226332     
   8.4880049077932451     
  -15975.160599567538     
  -5.1201257469880321     
 -0.53406521420732123     
  -2.4618597362271650     
   8.9604630850354354     
   9.2287243966909873     
  -19690.000000000000     
  -6.0000000000000000     
  0.32645676212818009     
   7.2321862414531285E-002
   8.9891594747938122     
   8.9959548362282398     
  -19440.000000000000     
  -6.0000000000000000     
  -1.1754712886304732     
 -0.84754423288956238     
   9.6826249227767747     
   9.4543335578573462     
  -18910.000000000000     
  -6.0000000000000000     
