  0.52607676504388245     
  -3.2649267426305597     
   2.4269842844430252     
  -102.59999999999997     
   1.0236039141050077     
  0.99162073838638687     
  0.45977616720769499     
  -99.699999999997758     
   4.8644445171825677     
   1.2949122329749916     
   1.4817825642911775     
  -2.5695531778888672     
   1.5400000000000000     
   7871.9410957136106     
   7000.0000000000000     
  0.56245544683523296     
   0.0000000000000000     
   0.0000000000000000     
   0.0000000000000000     
  -1.2210000000000396     
  -2.3464972200848910     
   0.0000000000000000     
   0.0000000000000000     
   7000.0000000000000     
   669.17824387178007     
   1.9431960729600628     
  -4.2489599815657826     
  -6.9527451618375871     
  -8.2730012430592073     
   8.1235313941187144     
  -18.732943395857276     
  -8.1347691165985605     
   5362.0000000000000     
   0.0000000000000000     
   6393.0000000000000     
   2126.0000000000000     
   6450.0000000000000     
   6136.0000000000000     
   2928.0000000000000     
   4107.0000000000000     
   3756.0000000000000     
   1.1050000000000001E-002
  0.25440000000000634     
  -3.3479999999999156E-002
  0.15099999999999617     
 -0.24859999999999682     
 -0.14459999999999568     
  0.13940000000000327     
   8.0449999999999050E-002
   9.1569999999999332E-002
 -0.35380621791644562     
 -0.94732853513690718     
   0.0000000000000000     
   8.4569999999997536E-002
  -3.9309999999999470E-002
  -4.6969999999999512E-002
  0.14310000000000406     
 -0.71160000000000734     
 -0.11409999999999872     
  0.26950000000000623     
   3.2880000000000208E-002
   1.5249999999999741E-003
 -0.49526603393823132     
  -1.1730522798675116     
   7000.0000000000000     
  -1.9214110044644148     
  -1.7141676358995703     
  -1.9719324706113643     
  -1.9254303873685303     
 -0.38069999999999032     
 -0.32520000000000709     
   9.2963392228459831     
   8.8393044879639593     
  -14726.507915796197     
  -4.8046352929068430     
 -0.88000908876473660     
  -3.4781131152725941     
   9.3895609500429345     
   8.8895735607140978     
  -19690.000000000000     
  -6.0000000000000000     
  0.56925687990699936     
   2.9986228048399316E-002
   9.0225747203180546     
   8.9299867995607336     
  -19440.000000000000     
  -6.0000000000000000     
  -1.2426580844510591     
 -0.25071323060155271     
   9.1415902665476825     
   8.8723973077931220     
  -18910.000000000000     
  -6.0000000000000000     
