   1.      emp,cur,m                   2371.49             2371.49        1.3150        1.3150        0.7685        0.7685
   1.      emp,cur,m                   2371.49             2371.49        1.3150        1.3150        0.7685        0.7685
   1.      emp,cur,m                   2371.49             2546.00        1.3150       -0.6850        0.7685        0.3100
   2.      emp,cur,m                   2371.49             2353.20       -2.1020       -4.1020        0.0252        0.0035
   3.      emp,of,m                    2371.49             2407.88        3.0110        1.0110        0.9531        0.7332
   5.      emp,cur,f                   2371.49             2605.89        1.0610       -0.9390        0.4635        0.1047
   6.      emp,cur,f                   2371.49             2273.73        0.8518       -1.1482        0.3760        0.0754
   7.      emp,of,f                    2371.49             2487.66        1.4080       -0.5920        0.8035        0.3562
   9.      u,cur,m                     2371.49             2472.78        3.5520        1.5520        0.9721        0.8252
  10.      u,of,m                      2371.49             2478.50        0.4588       -1.5412        0.6127        0.1764
  11.      u,cur,f                     2371.49             2458.75        2.1570        0.1570        0.8963        0.5392
  12.      u,of,f                      2371.49             2396.44       -1.9510       -3.9510        0.1244        0.0189
  16.      p(ex=2|ex=1),e              2371.49             2210.51       -2.0000       -1.0000        0.1192        0.2689
  27.      alphaed(m,ned)              2371.49             2382.09       -5.9650       -0.9650       25.6047     2758.7823
  28.      alphaed(f,ned)              2371.49             2764.54       -3.6180        1.3820      261.3493     7993.1202
  29.      alphaed(m,ed)               2371.49             2371.65       -8.6320       -3.6320        1.7828      257.8096
  30.      alphaed(f,ed)               2371.49             2371.58        6.4130       11.4130     9983.6259     9999.8895
  31.      alphakid(m)                 2371.49             2371.49      -14.3900       -9.3900        0.0056        0.8355
  42.      alf10                       2371.49             2293.12        0.0111        0.3110        0.0111        0.3110
  43.      alf10                       2371.49             2350.62        0.2544        0.5544        0.2544        0.5544
  44.      alf10                       2371.49             2291.81       -0.0335        0.2665       -0.0335        0.2665
  45.      alf10                       2371.49             2322.53        0.1510        0.4510        0.1510        0.4510
  47.      alf10                       2371.49             2310.46       -0.1446        0.1554       -0.1446        0.1554
  48.      alf10                       2371.49             2328.11        0.1394        0.4394        0.1394        0.4394
  49.      alf10                       2371.49             2289.32        0.0804        0.3804        0.0804        0.3804
  50.      alf10                       2371.49             2288.25        0.0916        0.3916        0.0916        0.3916
  51.      alf11                       2371.49             2369.32       -0.4503        0.0497        0.3893        0.5124
  52.      alf12                       2371.49             2338.49       -0.5000        0.0000        0.3775        0.5000
  54.      alf20                       2371.49             2297.40        0.0846        0.3846        0.0846        0.3846
  55.      alf20                       2371.49             2328.23       -0.0393        0.2607       -0.0393        0.2607
  56.      alf20                       2371.49             2272.57       -0.0470        0.2530       -0.0470        0.2530
  57.      alf20                       2371.49             2353.23        0.1431        0.4431        0.1431        0.4431
  59.      alf20                       2371.49             2293.75       -0.1141        0.1859       -0.1141        0.1859
  60.      alf20                       2371.49             2301.96        0.2695        0.5695        0.2695        0.5695
  61.      alf20                       2371.49             2284.45        0.0329        0.3329        0.0329        0.3329
  62.      alf20                       2371.49             2286.61        0.0015        0.3015        0.0015        0.3015
  63.      alf21                       2371.49             2362.77       -0.6074       -0.3074        0.3527        0.4237
  64.      alf22                       2371.49             2362.57       -1.2290       -0.9290        0.2264        0.2831
  72.      alf1t                       2371.49             2246.24        9.2040        9.6040        9.2040        9.6040
  73.      alf2t                       2371.49             2245.90        8.7200        9.1200        8.7200        9.1200
  76.      ptypehs                     2371.49             2319.02       -0.4288        0.5712        0.1641        0.3480
  77.      ptypecol                    2371.49             2371.57       -2.3810       -1.3810        0.0399        0.1016
  78.      alf1t                       2371.49             2303.54        9.3540        9.7540        9.3540        9.7540
  79.      alf2t                       2371.49             2254.58        8.8080        9.2080        8.8080        9.2080
  82.      ptypehs                     2371.49             2525.42        0.5846        1.5846        0.4522        0.6917
  83.      ptypecol                    2371.49             2366.57       -0.3693        0.6307        0.2986        0.5365
  84.      alf1t                       2371.49             2297.60        8.8650        9.2650        8.8650        9.2650
  85.      alf2t                       2371.49             2302.72        9.0570        9.4570        9.0570        9.4570
  88.      ptypehs                     2371.49             2411.97       -0.6489        0.3511        0.1317        0.2919
  89.      ptypecol                    2371.49             2380.03       -0.6332        0.3668        0.2294        0.4472
  90.      alf1t                       2371.49             2272.69        9.0760        9.4760        9.0760        9.4760
  91.      alf2t                       2371.49             2260.02        8.7770        9.1770        8.7770        9.1770
  45.      alf10                       2371.49             2317.12        0.1510       -0.1490        0.1510       -0.1490
  45.      alf10                       2371.49             2527.11        0.1510       -0.7490        0.1510       -0.7490
   5.      emp,cur,f                   2371.49             2190.57        1.0610        3.0578        0.4635        0.8708
   5.      emp,cur,f                   2371.49             2322.14        1.0610        7.0546        0.4635        0.9974
  29.      alphaed(m,ed)               2371.49             2238.56       -8.6320      -13.6157        1.7828        0.0122
  29.      alphaed(m,ed)               2371.49             2154.87       -8.6320      -23.5994        1.7828        0.0000
  11.      u,cur,f                     2371.49             2219.60        2.1570        4.1435        0.8963        0.9844
  11.      u,cur,f                     2371.49             2145.14        2.1570        8.1301        0.8963        0.9997
  77.      ptypecol                    2371.49             2206.52       -2.3810       -3.3705        0.0399        0.0148
  77.      ptypecol                    2371.49             2127.03       -2.3810       -5.3601        0.0399        0.0020
  29.      alphaed(m,ed)               2371.49             2235.53       -8.6320       -9.3113        1.7828        0.9039
  29.      alphaed(m,ed)               2371.49             2322.99       -8.6320       -9.9906        1.7828        0.4583
  29.      alphaed(m,ed)               2371.49             2528.01       -8.6320        6.2276        1.7828     9980.2971
  29.      alphaed(m,ed)               2371.49             3159.08       -8.6320       36.0546        1.7828    10000.0000
  30.      alphaed(f,ed)               2371.49             2209.31        6.4130        1.4724     9983.6259     8134.2699
  30.      alphaed(f,ed)               2371.49             2155.47        6.4130       -8.4681     9983.6259        2.1001
  88.      ptypehs                     2371.49             2195.29       -0.6489       -1.6329        0.1317        0.0517
  88.      ptypehs                     2371.49             2131.28       -0.6489       -3.6168        0.1317        0.0071
   6.      emp,cur,f                   2371.49             2433.63        0.8518        2.8108        0.3760        0.7977
   6.      emp,cur,f                   2371.49             2478.74        0.8518        6.7697        0.3760        0.9948
  30.      alphaed(f,ed)               2371.49             2260.88        6.4130        5.8112     9983.6259     9970.1503
  30.      alphaed(f,ed)               2371.49             2288.21        6.4130        5.2094     9983.6259     9945.6449
  30.      alphaed(f,ed)               2371.49             2249.11        6.4130        5.7871     9983.6259     9969.4252
  30.      alphaed(f,ed)               2371.49             2368.26        6.4130        5.1612     9983.6259     9942.9792
  29.      alphaed(m,ed)               2371.49             2137.07       -8.6320      -23.4475        1.7828        0.0000
  29.      alphaed(m,ed)               2371.49             2209.50       -8.6320      -53.1226        1.7828        0.0000
  30.      alphaed(f,ed)               2371.49             2245.22        6.4130        5.7496     9983.6259     9968.2612
  30.      alphaed(f,ed)               2371.49             2377.64        6.4130        5.0862     9983.6259     9938.5676
   7.      emp,of,f                    2371.49             2203.38        1.4080        3.3351        0.8035        0.9656
   7.      emp,of,f                    2371.49             2146.80        1.4080        7.2622        0.8035        0.9993
  30.      alphaed(f,ed)               2371.49             2200.21        6.4130        5.6679     9983.6259     9965.5675
  30.      alphaed(f,ed)               2371.49             2125.67        6.4130        4.9228     9983.6259     9927.7376
  76.      ptypehs                     2371.49             2245.03       -0.4288       -1.3796        0.1641        0.0686
  76.      ptypehs                     2371.49             2201.87       -0.4288       -3.3304        0.1641        0.0100
   2.      emp,cur,m                   2371.49             2368.05       -2.1020       -0.2146        0.0252        0.1654
   2.      emp,cur,m                   2371.49             4603.50       -2.1020        3.6727        0.0252        0.9176
  30.      alphaed(f,ed)               2371.49             2386.98        6.4130        5.5091     9983.6259     9959.6675
  30.      alphaed(f,ed)               2371.49             2743.20        6.4130        4.6053     9983.6259     9901.0012
  30.      alphaed(f,ed)               2371.49             2244.85        6.4130        5.4730     9983.6259     9958.1889
  30.      alphaed(f,ed)               2371.49             2439.19        6.4130        4.5330     9983.6259     9893.6566
  30.      alphaed(f,ed)               2371.49             2264.20        6.4130        5.4354     9983.6259     9956.5938
  30.      alphaed(f,ed)               2371.49             2538.85        6.4130        4.4578     9983.6259     9885.4462
  76.      ptypehs                     2371.49             2703.12       -0.4288        2.5107        0.1641        0.7909
  10.      u,of,m                      2371.49             2162.21        0.4588        2.3335        0.6127        0.9116
  10.      u,of,m                      2371.49             2131.91        0.4588        6.2083        0.6127        0.9980
  30.      alphaed(f,ed)               2371.49             2322.59        6.4130        5.4129     9983.6259     9955.6092
  30.      alphaed(f,ed)               2371.49             2578.12        6.4130        4.4127     9983.6259     9880.2301
  27.      alphaed(m,ned)              2371.49             2164.09       -5.9650      -10.5886       25.6047        0.2520
  27.      alphaed(m,ned)              2371.49             2174.30       -5.9650      -20.2123       25.6047        0.0000
  30.      alphaed(f,ed)               2371.49             2166.27        6.4130        5.3312     9983.6259     9951.8526
  30.      alphaed(f,ed)               2371.49             2411.76        6.4130       20.7644     9983.6259    10000.0000
  30.      alphaed(f,ed)               2371.49             2996.98        6.4130       49.9968     9983.6259    10000.0000
  30.      alphaed(f,ed)               2371.49             2576.66        6.4130        8.0071     9983.6259     9996.6702
   3.      emp,of,m                    2371.49             2175.46        3.0110        4.8659        0.9531        0.9924
   3.      emp,of,m                    2371.49             2167.07        3.0110        8.7207        0.9531        0.9998
  29.      alphaed(m,ed)               2371.49             2194.93       -8.6320       -9.6993        1.7828        0.6133
  29.      alphaed(m,ed)               2371.49             2280.66       -8.6320      -10.7665        1.7828        0.2109
  29.      alphaed(m,ed)               2371.49             2210.66       -8.6320       -9.7420        1.7828        0.5876
  29.      alphaed(m,ed)               2371.49             2455.53       -8.6320      -10.8519        1.7828        0.1937
  29.      alphaed(m,ed)               2371.49             2197.36       -8.6320       -9.9943        1.7828        0.4566
  29.      alphaed(m,ed)               2371.49             4036.36       -8.6320      -11.5567        1.7828        0.0957
  29.      alphaed(m,ed)               2371.49             2177.50       -8.6320       -9.8488        1.7828        0.5281
  82.      ptypehs                     2371.49             2322.14        0.5846       -2.2284        0.4522        0.0443
  29.      alphaed(m,ed)               2371.49             2206.52       -8.6320       -9.8975        1.7828        0.5030
  29.      alphaed(m,ed)               2371.49             2532.27       -8.6320      -11.1630        1.7828        0.1419
  76.      ptypehs                     2371.49             2218.66       -0.4288       -3.2503        0.1641        0.0112
  76.      ptypehs                     2371.49             3076.88       -0.4288       -9.0113        0.1641        0.0000
  29.      alphaed(m,ed)               2371.49             2143.46       -8.6320      -10.0451        1.7828        0.4340
  29.      alphaed(m,ed)               2371.49             2278.51       -8.6320      -11.4582        1.7828        0.1056
   3.      emp,of,m                    2371.49             4206.22        3.0110       -2.8223        0.9531        0.0561
   3.      emp,of,m                    2371.49             2541.69        3.0110        0.0635        0.9531        0.5159
   9.      u,cur,m                     2371.49             2126.23        3.5520        5.3251        0.9721        0.9952
   9.      u,cur,m                     2371.49             2263.12        3.5520        9.0982        0.9721        0.9999
   3.      emp,of,m                    2371.49             2136.16        3.0110        5.8253        0.9531        0.9971
   3.      emp,of,m                    2371.49             2324.70        3.0110       11.5871        0.9531        1.0000
  29.      alphaed(m,ed)               2371.49             2223.68       -8.6320       -9.4275        1.7828        0.8047
   7.      emp,of,f                    2371.49             5768.18        1.4080        2.5239        0.8035        0.9258
  27.      alphaed(m,ned)              2371.49             2292.94       -5.9650       -1.0090       25.6047     2671.7770
  27.      alphaed(m,ned)              2371.49             3134.86       -5.9650        8.5707       25.6047     9998.1045
  30.      alphaed(f,ed)               2371.49             2154.56        6.4130       -8.2729     9983.6259        2.5528
  30.      alphaed(f,ed)               2371.49             2312.80        6.4130      -37.3101     9983.6259        0.0000
   1.      emp,cur,m                   2371.49             2106.11        1.3150        3.0540        0.7685        0.9497
   1.      emp,cur,m                   2371.49             2326.96        1.3150        6.7930        0.7685        0.9987
  29.      alphaed(m,ed)               2371.49             2143.13       -8.6320       -9.3087        1.7828        0.9062
  72.      alf1t                       2371.49             2856.18        9.2040       10.3622        9.2040       10.3622
  29.      alphaed(m,ed)               2371.49             2126.88       -8.6320      -10.0832        1.7828        0.4178
  29.      alphaed(m,ed)               2371.49             2423.71       -8.6320      -11.5343        1.7828        0.0979
  28.      alphaed(f,ned)              2371.49             2119.00       -3.6180       -7.9016      261.3493        3.7003
  28.      alphaed(f,ned)              2371.49             2330.88       -3.6180      -17.1851      261.3493        0.0003
  29.      alphaed(m,ed)               2371.49             2154.70       -8.6320      -10.2016        1.7828        0.3711
  29.      alphaed(m,ed)               2371.49             2339.86       -8.6320      -11.7711        1.7828        0.0772
  83.      ptypecol                    2371.49             2251.50       -0.3693        0.6188        0.2986        0.5393
  29.      alphaed(m,ed)               2371.49             2118.68       -8.6320      -10.2567        1.7828        0.3512
  29.      alphaed(m,ed)               2371.49             2325.74       -8.6320      -11.8813        1.7828        0.0692
  29.      alphaed(m,ed)               2371.49             2099.93       -8.6320      -10.3216        1.7828        0.3291
  29.      alphaed(m,ed)               2371.49             2222.97       -8.6320      -12.0113        1.7828        0.0608
  29.      alphaed(m,ed)               2371.49             2127.07       -8.6320      -10.3892        1.7828        0.3076
  29.      alphaed(m,ed)               2371.49             2530.23       -8.6320      -12.1465        1.7828        0.0531
  30.      alphaed(f,ed)               2371.49             2397.75        6.4130        5.1022     9983.6259     9939.5370
  27.      alphaed(m,ned)              2371.49             2125.29       -5.9650      -10.3444       25.6047        0.3217
  27.      alphaed(m,ned)              2371.49             2291.12       -5.9650      -19.6799       25.6047        0.0000
  30.      alphaed(f,ed)               2371.49             2206.68        6.4130        4.8871     9983.6259     9925.1313
  30.      alphaed(f,ed)               2371.49             2216.54        6.4130        3.3630     9983.6259     9665.2894
  30.      alphaed(f,ed)               2371.49             3561.48        6.4130       -1.2810     9983.6259     2173.7284
  29.      alphaed(m,ed)               2371.49             2277.66       -8.6320        4.8922        1.7828     9925.5076
  29.      alphaed(m,ed)               2371.49             2168.50       -8.6320       -9.9963        1.7828        0.4557
  29.      alphaed(m,ed)               2371.49             6667.13       -8.6320      -11.9509        1.7828        0.0645
  30.      alphaed(f,ed)               2371.49             2575.10        6.4130        7.9680     9983.6259     9996.5375
  30.      alphaed(f,ed)               2371.49             2166.48        6.4130        4.9802     9983.6259     9931.7442
  30.      alphaed(f,ed)               2371.49             2648.34        6.4130        3.5475     9983.6259     9720.0835
  30.      alphaed(f,ed)               2371.49             2144.67        6.4130        4.9229     9983.6259     9927.7472
  30.      alphaed(f,ed)               2371.49             2626.49        6.4130        3.4328     9983.6259     9687.1514
  30.      alphaed(f,ed)               2371.49             2230.32        6.4130        3.2461     9983.6259     9625.3329
  30.      alphaed(f,ed)               2371.49             3701.52        6.4130       -1.4758     9983.6259     1860.6760
  11.      u,cur,f                     2371.49             2144.24        2.1570        3.0393        0.8963        0.9543
  82.      ptypehs                     2371.49             2288.66        0.5846       -2.1687        0.4522        0.0431
  30.      alphaed(f,ed)               2371.49             2124.70        6.4130        4.7119     9983.6259     9910.9198
  30.      alphaed(f,ed)               2371.49             2346.13        6.4130        3.0107     9983.6259     9530.5561
  11.      u,cur,f                     2371.49             2169.67        2.1570        3.1251        0.8963        0.9579
  28.      alphaed(f,ned)              2371.49             2528.47       -3.6180       -1.8421      261.3493     1367.9890
  28.      alphaed(f,ned)              2371.49             2745.11       -3.6180        1.5470      261.3493     8244.7587
  11.      u,cur,f                     2371.49             2095.32        2.1570        3.0031        0.8963        0.9527
  11.      u,cur,f                     2371.49             2224.54        2.1570        3.3315        0.8963        0.9655
  30.      alphaed(f,ed)               2371.49             2130.73        6.4130        4.7207     9983.6259     9911.6964
  30.      alphaed(f,ed)               2371.49             2592.43        6.4130        3.0284     9983.6259     9538.3988
  76.      ptypehs                     2371.49             2595.25       -0.4288        2.4056        0.1641        0.7769
  28.      alphaed(f,ned)              2371.49             2207.10       -3.6180       -3.2046      261.3493      389.9288
  30.      alphaed(f,ed)               2371.49             2485.24        6.4130        8.0702     9983.6259     9996.8737
  30.      alphaed(f,ed)               2371.49             2159.84        6.4130        4.6890     9983.6259     9908.8785
  30.      alphaed(f,ed)               2371.49             2677.65        6.4130        2.9650     9983.6259     9509.6693
  30.      alphaed(f,ed)               2371.49             2218.66        6.4130        4.6200     9983.6259     9902.4364
  30.      alphaed(f,ed)               2371.49             2596.60        6.4130        2.8271     9983.6259     9441.2089
  11.      u,cur,f                     2371.49             2082.78        2.1570        3.1184        0.8963        0.9576
  10.      u,of,m                      2371.49             3250.86        0.4588        2.1513        0.6127        0.8958
  28.      alphaed(f,ned)              2371.49             2087.11       -3.6180       -7.8236      261.3493        4.0002
  28.      alphaed(f,ned)              2371.49             2235.86       -3.6180      -17.1942      261.3493        0.0003
  30.      alphaed(f,ed)               2371.49             2077.64        6.4130        4.3418     9983.6259     9871.5357
  30.      alphaed(f,ed)               2371.49             3526.85        6.4130        2.0822     9983.6259     8891.6248
   6.      emp,cur,f                   2371.49             2251.83        0.8518       -0.9518        0.3760        0.0647
  30.      alphaed(f,ed)               2371.49             2129.29        6.4130        4.4285     9983.6259     9882.0778
  30.      alphaed(f,ed)               2371.49             2463.55        6.4130        2.4561     9983.6259     9210.0414
  30.      alphaed(f,ed)               2371.49             2159.77        6.4130        5.8270     9983.6259     9970.6172
  76.      ptypehs                     2371.49             2299.85       -0.4288       -3.2045        0.1641        0.0120
  88.      ptypehs                     2371.49             2336.36       -0.6489        1.8537        0.1317        0.6610
   2.      emp,cur,m                   2371.49             2090.77       -2.1020       -3.9970        0.0252        0.0039
   2.      emp,cur,m                   2371.49             2116.58       -2.1020       -7.7794        0.0252        0.0001
   1.      emp,cur,m                   2371.49             2278.68        1.3150       -0.6995        0.7685        0.3090
   1.      emp,cur,m                   2371.49             2516.50        1.3150       -4.4529        0.7685        0.0105
  30.      alphaed(f,ed)               2371.49             2237.81        6.4130        4.3831     9983.6259     9876.6758
  12.      u,of,f                      2371.49             3408.11       -1.9510        2.9214        0.1244        0.9489
  30.      alphaed(f,ed)               2371.49             2171.15        6.4130       19.5753     9983.6259    10000.0000
  29.      alphaed(m,ed)               2371.49             2111.02       -8.6320      -10.1625        1.7828        0.3859
  29.      alphaed(m,ed)               2371.49             4192.64       -8.6320      -12.3070        1.7828        0.0452
  11.      u,cur,f                     2371.49             2168.87        2.1570        3.4844        0.8963        0.9702
  11.      u,cur,f                     2371.49             2685.35        2.1570        4.4239        0.8963        0.9882
  31.      alphakid(m)                 2371.49             2188.26      -14.3900      -17.8315        0.0056        0.0002
  30.      alphaed(f,ed)               2371.49             2114.82        6.4130        5.2329     9983.6259     9946.9031
  89.      ptypecol                    2371.49             2111.53       -0.6332        2.2212        0.2294        0.8207
  30.      alphaed(f,ed)               2371.49             2147.06        6.4130        5.6809     9983.6259     9966.0113
  29.      alphaed(m,ed)               2371.49             2363.88       -8.6320       -7.3179        1.7828        6.6313
  77.      ptypecol                    2371.49             2102.74       -2.3810       -0.1035        0.0399        0.2749
  77.      ptypecol                    2371.49             2142.58       -2.3810        5.1531        0.0399        0.9863
  11.      u,cur,f                     2371.49             2191.68        2.1570        4.0243        0.8963        0.9824
  11.      u,cur,f                     2371.49             3297.23        2.1570        5.8916        0.8963        0.9972
  76.      ptypehs                     2371.49             2589.06       -0.4288        2.3663        0.1641        0.7679
  76.      ptypehs                     2371.49             2219.15       -0.4288        0.9736        0.1641        0.4498
  11.      u,cur,f                     2371.49             2143.42        2.1570        3.5798        0.8963        0.9729
  10.      u,of,m                      2371.49             3159.45        0.4588        2.9730        0.6127        0.9513
  11.      u,cur,f                     2371.49             2112.12        2.1570        3.1641        0.8963        0.9595
  29.      alphaed(m,ed)               2371.49             2395.34       -8.6320       -5.2213        1.7828       53.7110
  16.      p(ex=2|ex=1),e              2371.49             2138.52       -2.0000       -1.0007        0.1192        0.2688
  11.      u,cur,f                     2371.49             2135.56        2.1570        3.2170        0.8963        0.9615
  29.      alphaed(m,ed)               2371.49             2363.35       -8.6320       -5.5925        1.7828       37.1171
  11.      u,cur,f                     2371.49             2332.34        2.1570        4.0975        0.8963        0.9837
  11.      u,cur,f                     2371.49             2117.27        2.1570        3.1683        0.8963        0.9596
  30.      alphaed(f,ed)               2371.49             3248.16        6.4130        4.7363     9983.6259     9913.0539
  11.      u,cur,f                     2371.49             2151.05        2.1570        3.2201        0.8963        0.9616
  30.      alphaed(f,ed)               2371.49             2468.40        6.4130       10.4947     9983.6259     9999.7232
  11.      u,cur,f                     2371.49             2244.96        2.1570        4.1825        0.8963        0.9850
  11.      u,cur,f                     2371.49             2183.15        2.1570        3.0214        0.8963        0.9535
  84.      alf1t                       2371.49             2292.31        8.8650        9.2657        8.8650        9.2657
  12.      u,of,f                      2371.49             2295.95       -1.9510       -3.9302        0.1244        0.0193
  88.      ptypehs                     2371.49             2100.18       -0.6489       -3.5770        0.1317        0.0073
  88.      ptypehs                     2371.49             2214.64       -0.6489       -9.0077        0.1317        0.0000
  11.      u,cur,f                     2371.49             2116.37        2.1570        4.1243        0.8963        0.9841
  11.      u,cur,f                     2371.49             2822.81        2.1570        6.0917        0.8963        0.9977
  11.      u,cur,f                     2371.49             2341.10        2.1570        4.1247        0.8963        0.9841
  11.      u,cur,f                     2371.49             2125.48        2.1570        3.3867        0.8963        0.9673
  30.      alphaed(f,ed)               2371.49             3437.66        6.4130       10.8381     9983.6259     9999.8036
  11.      u,cur,f                     2371.49             2133.72        2.1570        4.3801        0.8963        0.9876
   5.      emp,cur,f                   2371.49             2359.96        1.0610       -3.5224        0.4635        0.0068
   3.      emp,of,m                    2371.49             2163.72        3.0110        0.4771        0.9531        0.6171
  84.      alf1t                       2371.49             2305.02        8.8650        9.2676        8.8650        9.2676
  29.      alphaed(m,ed)               2371.49             2104.41       -8.6320      -23.0666        1.7828        0.0000
  29.      alphaed(m,ed)               2371.49             2601.64       -8.6320      -51.0253        1.7828        0.0000
  11.      u,cur,f                     2371.49             2064.23        2.1570        3.7720        0.8963        0.9775
  11.      u,cur,f                     2371.49             2397.97        2.1570        4.8481        0.8963        0.9922
  29.      alphaed(m,ed)               2371.49             2139.01       -8.6320      -10.2962        1.7828        0.3376
  29.      alphaed(m,ed)               2371.49             2478.11       -8.6320      -12.1351        1.7828        0.0537
   6.      emp,cur,f                   2371.49             2375.12        0.8518        2.7482        0.3760        0.7809
  11.      u,cur,f                     2371.49             2313.74        2.1570        4.1648        0.8963        0.9847
  11.      u,cur,f                     2371.49             2191.99        2.1570        4.4569        0.8963        0.9885
  11.      u,cur,f                     2371.49             2113.59        2.1570        3.9651        0.8963        0.9814
  11.      u,cur,f                     2371.49             3008.50        2.1570        5.2120        0.8963        0.9946
   6.      emp,cur,f                   2371.49             2322.41        0.8518       -0.9363        0.3760        0.0623
  29.      alphaed(m,ed)               2371.49             2086.37       -8.6320      -10.9033        1.7828        0.1840
   1.      emp,cur,m                   2371.49             2296.39        1.3150        6.5860        0.7685        0.9985
  84.      alf1t                       2371.49             2269.45        8.8650        9.2763        8.8650        9.2763
  11.      u,cur,f                     2371.49             2313.74        2.1570        4.1648        0.8963        0.9847
  11.      u,cur,f                     2371.49             2162.12        2.1570        4.2946        0.8963        0.9865
  49.      alf10                       2371.49             2213.67        0.0804        0.3863        0.0804        0.3863
  29.      alphaed(m,ed)               2371.49             2238.69       -8.6320      -10.0142        1.7828        0.4476
