1.315      
-2.102       
3.011      
-102.6       
1.061     
0.8518       
1.408     
 -99.70       
3.552      
0.4588     
2.157      
-1.951       
1.540       
8022.       
4019.     
0.1097E-02   
0.000       
0.000       
0.000      
-1.221     
 -0.5000       
0.000       
0.000       
6567.       
354.6     
1.5     
 -5.965      
-3.618     
 -8.632       
6.413     
-14.39      
-3.949 
5362.       
0.000       
6393.     
2126.       
6450.       
6136.       
2928.       
4107.     
3756.      
0.1105E-01  
0.2544     
-0.3348E-01  
0.1510     
-0.2486     
-0.1446      
0.1394     
0.8045E-01  
0.9157E-01
-0.4503    
-0.6701       
0.000      
0.8457E-01
-0.3931E-01
-0.4697E-01  
0.1431     
-0.7116     
-0.1141      
0.2695     
0.3288E-01  
0.1525E-02
-0.6074      
-1.229       
6882.     
-1.239      
-1.159     
 -2.142      
-1.982     
-0.3807     
-0.3252       
9.204       
8.720     
-0.1672E+05  
-4.752     
-0.4288      
-2.381      
 9.354       
8.808     
-0.1969E+05
-6.866      
0.5846     
-0.3693       
8.865       
9.057     
-0.1944E+05  
-5.867     
-0.6489     
-0.6332       
9.076     
8.777     
-0.1891E+05  
-6.887     
