   1.      emp,cur,m                   1219.02             1219.02        1.3150        1.3150        0.7685        0.7685
   1.      emp,cur,m                   1219.02             1219.02        1.3150        1.3150        0.7685        0.7685
   1.      emp,cur,m                   1219.02             1283.25        1.3150       -0.6850        0.7685        0.3100
   2.      emp,cur,m                   1219.02             1209.30       -2.1020       -4.1020        0.0252        0.0035
   3.      emp,of,m                    1219.02             1249.05        3.0110        1.0110        0.9531        0.7332
   5.      emp,cur,f                   1219.02             1383.36        1.0610       -0.9390        0.4635        0.1047
   6.      emp,cur,f                   1219.02             1109.06        0.8518       -1.1482        0.3760        0.0754
   7.      emp,of,f                    1219.02             1343.15        1.4080       -0.5920        0.8035        0.3562
   9.      u,cur,m                     1219.02             1300.66        3.5520        1.5520        0.9721        0.8252
  10.      u,of,m                      1219.02             1317.30        0.4588       -1.5412        0.6127        0.1764
  11.      u,cur,f                     1219.02             1323.82        2.1570        0.1570        0.8963        0.5392
  12.      u,of,f                      1219.02             1242.91       -1.9510       -3.9510        0.1244        0.0189
  16.      p(ex=2|ex=1),e              1219.02             1128.35       -2.0000       -1.0000        0.1192        0.2689
  27.      alphaed(m,ned)              1219.02             1228.52       -5.9650       -0.9650       25.6047     2758.7823
  28.      alphaed(f,ned)              1219.02             1624.38       -3.6180        1.3820      261.3493     7993.1202
  29.      alphaed(m,ed)               1219.02             1220.53       -8.6320       -3.6320        1.7828      257.8096
  30.      alphaed(f,ed)               1219.02             1219.22        6.4130       11.4130     9983.6259     9999.8895
  31.      alphakid(m)                 1219.02             1219.02      -14.3900       -9.3900        0.0056        0.8355
  42.      alf10                       1219.02             1514.75        0.0111        0.6110        0.0111        0.6110
  43.      alf10                       1219.02             1784.33        0.2544        0.8544        0.2544        0.8544
  44.      alf10                       1219.02             1456.21       -0.0335        0.5665       -0.0335        0.5665
  45.      alf10                       1219.02             1641.39        0.1510        0.7510        0.1510        0.7510
  47.      alf10                       1219.02             1229.96       -0.1446        0.4554       -0.1446        0.4554
  48.      alf10                       1219.02             1606.93        0.1394        0.7394        0.1394        0.7394
  49.      alf10                       1219.02             1566.03        0.0804        0.6804        0.0804        0.6804
  50.      alf10                       1219.02             1511.09        0.0916        0.6916        0.0916        0.6916
  51.      alf11                       1219.02             1221.21       -0.4503        0.0497        0.3893        0.5124
  52.      alf12                       1219.02             1341.71       -0.5000        0.0000        0.3775        0.5000
  54.      alf20                       1219.02             1170.43        0.0846        0.6846        0.0846        0.6846
  55.      alf20                       1219.02             1155.14       -0.0393        0.5607       -0.0393        0.5607
  56.      alf20                       1219.02             1078.47       -0.0470        0.5530       -0.0470        0.5530
  57.      alf20                       1219.02             1203.13        0.1431        0.7431        0.1431        0.7431
  59.      alf20                       1219.02             1081.35       -0.1141        0.4859       -0.1141        0.4859
  60.      alf20                       1219.02             1161.41        0.2695        0.8695        0.2695        0.8695
  61.      alf20                       1219.02             1120.73        0.0329        0.6329        0.0329        0.6329
  62.      alf20                       1219.02             1100.07        0.0015        0.6015        0.0015        0.6015
  63.      alf21                       1219.02             1186.68       -0.6074       -0.3074        0.3527        0.4237
  64.      alf22                       1219.02             1185.28       -1.2290       -0.9290        0.2264        0.2831
  66.      sig_wge                     1219.02             1439.99       -1.2390       -0.7390        0.2246        0.3232
  67.      sig_wge                     1219.02             1252.31       -1.1590       -0.6590        0.2388        0.3410
  72.      alf1t                       1219.02             1269.52        9.5000        9.9000        9.5000        9.9000
  73.      alf2t                       1219.02             1001.43        8.8000        9.2000        8.8000        9.2000
  76.      ptypehs                     1219.02             1314.43       -0.4288        0.5712        0.1641        0.3480
  77.      ptypecol                    1219.02             1217.70       -2.3810       -1.3810        0.0399        0.1016
  78.      alf1t                       1219.02             1208.10        8.7000        9.1000        8.7000        9.1000
  79.      alf2t                       1219.02             1083.29        8.8000        9.2000        8.8000        9.2000
  82.      ptypehs                     1219.02             1333.10        0.5846        1.5846        0.4522        0.6917
  83.      ptypecol                    1219.02             1218.40       -0.3693        0.6307        0.2986        0.5365
  84.      alf1t                       1219.02             1303.89        8.9000        9.3000        8.9000        9.3000
  85.      alf2t                       1219.02              969.56        8.8000        9.2000        8.8000        9.2000
  88.      ptypehs                     1219.02             1211.93       -0.6489        0.3511        0.1317        0.2919
  89.      ptypecol                    1219.02             1222.44       -0.6332        0.3668        0.2294        0.4472
  90.      alf1t                       1219.02             1210.71        9.6000       10.0000        9.6000       10.0000
  91.      alf2t                       1219.02             1088.92        8.8000        9.2000        8.8000        9.2000
  45.      alf10                       1219.02             1276.76        0.1510       -0.4490        0.1510       -0.4490
   5.      emp,cur,f                   1219.02             1072.45        1.0610        3.0580        0.4635        0.8706
   5.      emp,cur,f                   1219.02             1176.81        1.0610        7.0551        0.4635        0.9974
  51.      alf11                       1219.02             1110.18       -0.4503       -0.9488        0.3893        0.2791
  51.      alf11                       1219.02             1048.48       -0.4503       -1.9473        0.3893        0.1248
  12.      u,of,f                      1219.02             1124.26       -1.9510        0.0366        0.1244        0.5091
  12.      u,of,f                      1219.02             1239.24       -1.9510        4.0242        0.1244        0.9824
  27.      alphaed(m,ned)              1219.02             1101.72       -5.9650      -10.9254       25.6047        0.1800
   1.      emp,cur,m                   1219.02             1094.42        1.3150        3.2956        0.7685        0.9605
   1.      emp,cur,m                   1219.02             1057.55        1.3150        7.2762        0.7685        0.9992
  49.      alf10                       1219.02             1237.78        0.0804       -0.5115        0.0804       -0.5115
  49.      alf10                       1219.02             2228.84        0.0804       -1.7035        0.0804       -1.7035
  16.      p(ex=2|ex=1),e              1219.02             1239.88       -2.0000       -2.9846        0.1192        0.0481
  28.      alphaed(f,ned)              1219.02             1087.26       -3.6180       -8.5306      261.3493        1.9730
  28.      alphaed(f,ned)              1219.02             1039.08       -3.6180      -18.4432      261.3493        0.0001
  62.      alf20                       1219.02             1279.00        0.0015       -0.5854        0.0015       -0.5854
  62.      alf20                       1219.02             2110.42        0.0015       -1.7723        0.0015       -1.7723
  55.      alf20                       1219.02             1279.09       -0.0393       -0.6248       -0.0393       -0.6248
  28.      alphaed(f,ned)              1219.02             1577.76       -3.6180       -4.4080      261.3493      120.3295
  55.      alf20                       1219.02             1158.00       -0.0393        0.5579       -0.0393        0.5579
  11.      u,cur,f                     1219.02             1099.30        2.1570        4.1121        0.8963        0.9839
  11.      u,cur,f                     1219.02             1059.63        2.1570        8.0671        0.8963        0.9997
  28.      alphaed(f,ned)              1219.02             1108.72       -3.6180       -4.2031      261.3493      147.2941
  28.      alphaed(f,ned)              1219.02             1099.72       -3.6180       -4.7881      261.3493       82.5915
  12.      u,of,f                      1219.02             1202.34       -1.9510       -3.9175        0.1244        0.0195
  28.      alphaed(f,ned)              1219.02             1250.40       -3.6180       -4.2898      261.3493      135.2205
  44.      alf10                       1219.02             2249.71       -0.0335       -1.7958       -0.0335       -1.7958
  12.      u,of,f                      1219.02             1127.93       -1.9510        0.0345        0.1244        0.5086
  12.      u,of,f                      1219.02             1239.32       -1.9510        3.9865        0.1244        0.9818
  28.      alphaed(f,ned)              1219.02             1307.38       -3.6180       -4.2749      261.3493      137.2240
  47.      alf10                       1219.02             2269.22       -0.1446       -1.9026       -0.1446       -1.9026
  28.      alphaed(f,ned)              1219.02             1201.90       -3.6180       -4.3002      261.3493      133.8462
  50.      alf10                       1219.02             2046.45        0.0916       -1.6630        0.0916       -1.6630
   2.      emp,cur,m                   1219.02             1164.55       -2.1020       -0.1835        0.0252        0.1194
   2.      emp,cur,m                   1219.02             2897.60       -2.1020        3.7350        0.0252        0.8382
  28.      alphaed(f,ned)              1219.02             1280.49       -3.6180       -4.3537      261.3493      126.9641
  27.      alphaed(m,ned)              1219.02             1183.93       -5.9650       -1.0833       25.6047     2528.9066
  27.      alphaed(m,ned)              1219.02             2308.47       -5.9650        8.7589       25.6047     9998.4296
  82.      ptypehs                     1219.02             1122.45        0.5846       -0.3688        0.4522        0.2329
  82.      ptypehs                     1219.02             1353.40        0.5846       -2.3222        0.4522        0.0394
  28.      alphaed(f,ned)              1219.02              979.72       -3.6180       -4.4607      261.3493      114.2194
  28.      alphaed(f,ned)              1219.02              915.72       -3.6180       -5.3035      261.3493       49.4972
  77.      ptypecol                    1219.02             1044.33       -2.3810       -3.3243        0.0399        0.0151
  77.      ptypecol                    1219.02             1058.41       -2.3810       -5.2676        0.0399        0.0021
  28.      alphaed(f,ned)              1219.02             1066.96       -3.6180       -4.5605      261.3493      103.4900
  28.      alphaed(f,ned)              1219.02             1161.60       -3.6180       -5.5029      261.3493       40.5830
   5.      emp,cur,f                   1219.02             1230.71        1.0610       -0.8302        0.4635        0.1242
   9.      u,cur,m                     1219.02             1032.92        3.5520        5.4221        0.9721        0.9956
   9.      u,cur,m                     1219.02             1026.26        3.5520        9.2922        0.9721        0.9999
  28.      alphaed(f,ned)              1219.02             1106.46       -3.6180       -4.7294      261.3493       87.5448
  28.      alphaed(f,ned)              1219.02             1401.97       -3.6180       -5.8408      261.3493       28.9811
  44.      alf10                       1219.02             1333.13       -0.0335        0.5568       -0.0335        0.5568
  44.      alf10                       1219.02             6570.50       -0.0335        1.7282       -0.0335        1.7282
  29.      alphaed(m,ed)               1219.02             1032.43       -8.6320      -13.2511        1.7828        0.0176
  28.      alphaed(f,ned)              1219.02             1069.86       -3.6180       -4.8079      261.3493       80.9860
  28.      alphaed(f,ned)              1219.02             1784.93       -3.6180       -5.9979      261.3493       24.7790
  28.      alphaed(f,ned)              1219.02             1190.43       -3.6180       -4.8537      261.3493       77.3911
   2.      emp,cur,m                   1219.02             1116.08       -2.1020       -4.0756        0.0252        0.0029
   7.      emp,of,f                    1219.02             1028.07        1.4080        3.2307        0.8035        0.9620
   7.      emp,of,f                    1219.02             1081.74        1.4080        7.0534        0.8035        0.9991
  28.      alphaed(f,ned)              1219.02             1087.59       -3.6180       -4.2620      261.3493      138.9844
  28.      alphaed(f,ned)              1219.02             1176.15       -3.6180       -4.1797      261.3493      150.7234
  31.      alphakid(m)                 1219.02             1119.73      -14.3900      -13.7981        0.0056        0.0102
  49.      alf10                       1219.02             2043.18        0.0804       -1.6291        0.0804       -1.6291
  64.      alf22                       1219.02             1267.47       -1.2290       -0.3689        0.2264        0.4088
   9.      u,cur,m                     1219.02             1148.76        3.5520        3.9744        0.9721        0.9816
  28.      alphaed(f,ned)              1219.02             1007.24       -3.6180       -4.8591      261.3493       76.9751
  28.      alphaed(f,ned)              1219.02             1001.06       -3.6180       -6.1003      261.3493       22.3727
  28.      alphaed(f,ned)              1219.02             1099.62       -3.6180       -4.9546      261.3493       70.0152
  28.      alphaed(f,ned)              1219.02             1054.19       -3.6180       -5.0060      261.3493       66.5301
  28.      alphaed(f,ned)              1219.02             1763.29       -3.6180       -6.3940      261.3493       16.6873
  11.      u,cur,f                     1219.02             1931.26        2.1570       -3.4983        0.8963        0.0294
  11.      u,cur,f                     1219.02             1059.63        2.1570        8.0671        0.8963        0.9997
  11.      u,cur,f                     1219.02             1611.10        2.1570       19.6325        0.8963        1.0000
   3.      emp,of,m                    1219.02              978.84        3.0110        4.7950        0.9531        0.9918
   3.      emp,of,m                    1219.02             1044.43        3.0110        8.5790        0.9531        0.9998
  10.      u,of,m                      1219.02              963.08        0.4588        2.2315        0.6127        0.9030
  10.      u,of,m                      1219.02             1048.06        0.4588        6.0043        0.6127        0.9975
  28.      alphaed(f,ned)              1219.02             1118.31       -3.6180       -5.1724      261.3493       56.3894
  28.      alphaed(f,ned)              1219.02             1077.23       -3.6180       -5.2322      261.3493       53.1344
  28.      alphaed(f,ned)              1219.02             2033.96       -3.6180       -6.8464      261.3493       10.6217
  28.      alphaed(f,ned)              1219.02              965.51       -3.6180       -5.2943      261.3493       49.9519
  28.      alphaed(f,ned)              1219.02              976.12       -3.6180       -5.3587      261.3493       46.8476
  28.      alphaed(f,ned)              1219.02             1178.16       -3.6180       -7.0995      261.3493        8.2485
  28.      alphaed(f,ned)              1219.02              963.20       -3.6180       -5.4257      261.3493       43.8271
  28.      alphaed(f,ned)              1219.02             1132.44       -3.6180       -7.2334      261.3493        7.2155
  28.      alphaed(f,ned)              1219.02             1012.61       -3.6180       -5.1966      261.3493       55.0513
  28.      alphaed(f,ned)              1219.02             1202.05       -3.6180       -6.4875      261.3493       15.2003
  28.      alphaed(f,ned)              1219.02             1489.02       -3.6180       -5.0271      261.3493       65.1498
  48.      alf10                       1219.02             1578.95        0.1394        0.7440        0.1394        0.7440
   5.      emp,cur,f                   1219.02             1054.46        1.0610        2.9935        0.4635        0.8760
   5.      emp,cur,f                   1219.02             1218.92        1.0610        6.8171        0.4635        0.9972
  28.      alphaed(f,ned)              1219.02             1226.82       -3.6180       -4.8009      261.3493       81.5541
   5.      emp,cur,f                   1219.02             1224.95        1.0610       -0.8364        0.4635        0.1237
   5.      emp,cur,f                   1219.02             1522.25        1.0610       -4.6662        0.4635        0.0028
  28.      alphaed(f,ned)              1219.02             1215.56       -3.6180       -5.7485      261.3493       31.7743
  28.      alphaed(f,ned)              1219.02             1071.44       -3.6180       -5.3415      261.3493       47.6574
  31.      alphakid(m)                 1219.02             1106.95      -14.3900      -13.7683        0.0056        0.0105
  49.      alf10                       1219.02             2061.93        0.0804       -1.6302        0.0804       -1.6302
  11.      u,cur,f                     1219.02             1756.02        2.1570       -3.2976        0.8963        0.0357
  11.      u,cur,f                     1219.02             1220.94        2.1570       -0.4564        0.8963        0.3878
   9.      u,cur,m                     1219.02             1681.43        3.5520       -1.9877        0.9721        0.1205
  28.      alphaed(f,ned)              1219.02              971.00       -3.6180       -5.5745      261.3493       37.7900
  28.      alphaed(f,ned)              1219.02             1335.98       -3.6180       -7.5310      261.3493        5.3590
  28.      alphaed(f,ned)              1219.02              951.28       -3.6180       -5.6498      261.3493       35.0602
  28.      alphaed(f,ned)              1219.02             1119.59       -3.6180       -7.6815      261.3493        4.6106
   9.      u,cur,m                     1219.02             1029.56        3.5520        9.2912        0.9721        0.9999
   9.      u,cur,m                     1219.02             2146.25        3.5520       20.5701        0.9721        1.0000
  28.      alphaed(f,ned)              1219.02              892.28       -3.6180       -5.8172      261.3493       29.6718
  28.      alphaed(f,ned)              1219.02             1136.69       -3.6180       -8.0163      261.3493        3.2992
  28.      alphaed(f,ned)              1219.02              972.65       -3.6180       -6.1069      261.3493       22.2260
  12.      u,of,f                      1219.02              951.35       -1.9510       -7.3319        0.1244        0.0007
   5.      emp,cur,f                   1219.02             1031.96        1.0610        2.9580        0.4635        0.8783
   5.      emp,cur,f                   1219.02             1247.01        1.0610        6.7523        0.4635        0.9973
  28.      alphaed(f,ned)              1219.02             1132.54       -3.6180       -5.5264      261.3493       39.6463
  28.      alphaed(f,ned)              1219.02             2744.99       -3.6180       -6.8730      261.3493       10.3426
  30.      alphaed(f,ed)               1219.02              962.47        6.4130        2.4429     9983.6259     9200.4310
  28.      alphaed(f,ned)              1219.02              993.46       -3.6180       -6.2593      261.3493       19.0893
  28.      alphaed(f,ned)              1219.02             1622.89       -3.6180       -8.9006      261.3493        1.3629
  28.      alphaed(f,ned)              1219.02             1054.47       -3.6180       -5.8868      261.3493       27.6803
  28.      alphaed(f,ned)              1219.02              939.10       -3.6180       -6.7103      261.3493       12.1681
  28.      alphaed(f,ned)              1219.02             1151.24       -3.6180      -10.0720      261.3493        0.4225
  28.      alphaed(f,ned)              1219.02             1147.19       -3.6180       -5.8911      261.3493       27.5621
  28.      alphaed(f,ned)              1219.02             1356.89       -3.6180       -5.9869      261.3493       25.0520
  31.      alphakid(m)                 1219.02             1106.95      -14.3900      -13.7683        0.0056        0.0105
  11.      u,cur,f                     1219.02              984.67        2.1570        5.3667        0.8963        0.9954
  11.      u,cur,f                     1219.02             1204.87        2.1570       11.1897        0.8963        1.0000
  28.      alphaed(f,ned)              1219.02             1125.81       -3.6180       -4.6812      261.3493       91.8318
  84.      alf1t                       1219.02             2211.83        8.9000       10.0623        8.9000       10.0623
  28.      alphaed(f,ned)              1219.02             1045.00       -3.6180       -6.5885      261.3493       13.7421
  28.      alphaed(f,ned)              1219.02             2192.38       -3.6180       -9.5186      261.3493        0.7346
  28.      alphaed(f,ned)              1219.02             1148.50       -3.6180       -4.5307      261.3493      106.5861
  28.      alphaed(f,ned)              1219.02              967.34       -3.6180       -7.1270      261.3493        8.0248
  28.      alphaed(f,ned)              1219.02             1099.29       -3.6180       -5.6188      261.3493       36.1584
  28.      alphaed(f,ned)              1219.02              975.88       -3.6180       -5.2645      261.3493       51.4558
  59.      alf20                       1219.02            11139.70       -0.1141        1.6638       -0.1141        1.6638
  31.      alphakid(m)                 1219.02              975.68      -14.3900      -18.0820        0.0056        0.0001
  31.      alphakid(m)                 1219.02             1672.05      -14.3900      -26.7739        0.0056        0.0000
  28.      alphaed(f,ned)              1219.02             1102.72       -3.6180       -5.7214      261.3493       32.6441
   5.      emp,cur,f                   1219.02             1357.31        1.0610       -4.5065        0.4635        0.0038
  11.      u,cur,f                     1219.02             1183.43        2.1570       -0.3587        0.8963        0.4113
  28.      alphaed(f,ned)              1219.02              993.66       -3.6180       -7.0152      261.3493        8.9736
  28.      alphaed(f,ned)              1219.02             1080.61       -3.6180       -5.8626      261.3493       28.3580
  28.      alphaed(f,ned)              1219.02              977.74       -3.6180       -7.0884      261.3493        8.3400
  28.      alphaed(f,ned)              1219.02             1967.04       -3.6180      -10.4663      261.3493        0.2848
  28.      alphaed(f,ned)              1219.02              985.64       -3.6180       -6.8132      261.3493       10.9799
  28.      alphaed(f,ned)              1219.02            11340.74       -3.6180       -9.5255      261.3493        0.7296
  28.      alphaed(f,ned)              1219.02              989.99       -3.6180       -5.3871      261.3493       45.5438
  28.      alphaed(f,ned)              1219.02             1127.46       -3.6180       -5.1997      261.3493       54.8799
  28.      alphaed(f,ned)              1219.02              999.27       -3.6180       -7.4117      261.3493        6.0381
  28.      alphaed(f,ned)              1219.02             1137.32       -3.6180       -6.6098      261.3493       13.4531
  28.      alphaed(f,ned)              1219.02             1335.99       -3.6180       -6.1961      261.3493       20.3315
  28.      alphaed(f,ned)              1219.02             1122.14       -3.6180       -6.5793      261.3493       13.8696
  28.      alphaed(f,ned)              1219.02              971.30       -3.6180       -5.8791      261.3493       27.8955
  83.      ptypecol                    1219.02             1059.42       -0.3693        2.5749        0.2986        0.8907
  28.      alphaed(f,ned)              1219.02             1054.04       -3.6180       -5.0965      261.3493       60.8121
  28.      alphaed(f,ned)              1219.02             1853.09       -3.6180        7.6639      261.3493     9995.3077
  28.      alphaed(f,ned)              1219.02             1129.88       -3.6180        1.1372      261.3493     7571.5794
  27.      alphaed(m,ned)              1219.02              948.53       -5.9650      -10.1019       25.6047        0.4100
  28.      alphaed(f,ned)              1219.02             1119.48       -3.6180       -4.9511      261.3493       70.2618
  28.      alphaed(f,ned)              1219.02              954.61       -3.6180       -4.6426      261.3493       95.4096
  28.      alphaed(f,ned)              1219.02             1198.86       -3.6180       -4.5990      261.3493       99.6157
  28.      alphaed(f,ned)              1219.02             1054.47       -3.6180       -5.8868      261.3493       27.6803
  28.      alphaed(f,ned)              1219.02              992.20       -3.6180       -6.9551      261.3493        9.5283
  11.      u,cur,f                     1219.02              977.36        2.1570        5.5221        0.8963        0.9960
  11.      u,cur,f                     1219.02             1296.34        2.1570       11.4029        0.8963        1.0000
   5.      emp,cur,f                   1219.02             1037.04        1.0610        2.9120        0.4635        0.8844
  28.      alphaed(f,ned)              1219.02             1276.45       -3.6180       -6.4457      261.3493       15.8477
  28.      alphaed(f,ned)              1219.02              945.94       -3.6180       -5.8918      261.3493       27.5431
   1.      emp,cur,m                   1219.02             1105.78        1.3150       -2.7880        0.7685        0.0529
  28.      alphaed(f,ned)              1219.02              949.25       -3.6180      -12.2568      261.3493        0.0475
   1.      emp,cur,m                   1219.02             1060.63        1.3150        7.2491        0.7685        0.9992
  28.      alphaed(f,ned)              1219.02              957.18       -3.6180       -7.6803      261.3493        4.6163
  28.      alphaed(f,ned)              1219.02             1438.83       -3.6180      -11.7426      261.3493        0.0795
  28.      alphaed(f,ned)              1219.02              945.19       -3.6180       -6.6824      261.3493       12.5123
  28.      alphaed(f,ned)              1219.02             1869.81       -3.6180       -8.6354      261.3493        1.7768
  28.      alphaed(f,ned)              1219.02             1226.98       -3.6180       -6.5236      261.3493       14.6618
  28.      alphaed(f,ned)              1219.02             1028.80       -3.6180       -7.1293      261.3493        8.0068
  28.      alphaed(f,ned)              1219.02             1084.18       -3.6180       -5.0584      261.3493       63.1534
  28.      alphaed(f,ned)              1219.02              938.11       -3.6180       -8.0195      261.3493        3.2889
  28.      alphaed(f,ned)              1219.02             1614.77       -3.6180      -12.4209      261.3493        0.0403
  28.      alphaed(f,ned)              1219.02             1049.46       -3.6180       -6.8288      261.3493       10.8103
   5.      emp,cur,f                   1219.02             1356.29        1.0610       -4.4240        0.4635        0.0034
  28.      alphaed(f,ned)              1219.02             1192.97       -3.6180       -6.7660      261.3493       11.5093
  29.      alphaed(m,ed)               1219.02              909.14       -8.6320       -3.9260        1.7828      193.4104
  29.      alphaed(m,ed)               1219.02             1046.27       -8.6320        5.3992        1.7828     9954.9996
  28.      alphaed(f,ned)              1219.02              888.30       -3.6180       -6.7796      261.3493       11.3546
  28.      alphaed(f,ned)              1219.02             1138.07       -3.6180       -8.3626      261.3493        2.3338
  28.      alphaed(f,ned)              1219.02              905.89       -3.6180       -8.4797      261.3493        2.0759
  28.      alphaed(f,ned)              1219.02             1485.21       -3.6180      -13.3415      261.3493        0.0161
  28.      alphaed(f,ned)              1219.02             1058.66       -3.6180       -5.3976      261.3493       45.0698
  28.      alphaed(f,ned)              1219.02             1042.16       -3.6180       -7.2298      261.3493        7.2417
  28.      alphaed(f,ned)              1219.02             1068.84       -3.6180       -8.7017      261.3493        1.6627
  31.      alphakid(m)                 1219.02              956.84      -14.3900       -8.9978        0.0056        1.2367
  31.      alphakid(m)                 1219.02             1287.21      -14.3900        0.0864        0.0056     5215.8222
  28.      alphaed(f,ned)              1219.02              955.33       -3.6180       -6.2667      261.3493       18.9497
   9.      u,cur,m                     1219.02             1271.40        3.5520       -1.1940        0.9721        0.2326
  28.      alphaed(f,ned)              1219.02              995.83       -3.6180       -6.3699      261.3493       17.0937
  28.      alphaed(f,ned)              1219.02              999.00       -3.6180       -8.3027      261.3493        2.4778
  28.      alphaed(f,ned)              1219.02             1980.73       -3.6180      -12.4399      261.3493        0.0396
  30.      alphaed(f,ed)               1219.02              911.15        6.4130       11.7142     9983.6259     9999.9182
  28.      alphaed(f,ned)              1219.02             1000.24       -3.6180       -5.9641      261.3493       25.6284
  28.      alphaed(f,ned)              1219.02             1069.79       -3.6180       -5.9087      261.3493       27.0834
  56.      alf20                       1219.02             1073.89       -0.0470        0.5492       -0.0470        0.5492
  28.      alphaed(f,ned)              1219.02             1376.60       -3.6180       -7.5609      261.3493        5.2014
  28.      alphaed(f,ned)              1219.02              957.51       -3.6180       -6.8726      261.3493       10.3466
  28.      alphaed(f,ned)              1219.02             1072.35       -3.6180       -8.8413      261.3493        1.4462
  28.      alphaed(f,ned)              1219.02             1122.07       -3.6180       -6.7195      261.3493       12.0569
  28.      alphaed(f,ned)              1219.02             1054.47       -3.6180       -5.8868      261.3493       27.6803
  28.      alphaed(f,ned)              1219.02              954.28       -3.6180       -5.9909      261.3493       24.9529
  28.      alphaed(f,ned)              1219.02             1314.40       -3.6180       -7.2628      261.3493        7.0065
  28.      alphaed(f,ned)              1219.02              935.22       -3.6180       -6.7825      261.3493       11.3217
  28.      alphaed(f,ned)              1219.02             1127.25       -3.6180       -6.7292      261.3493       11.9403
  28.      alphaed(f,ned)              1219.02             1069.79       -3.6180       -5.9087      261.3493       27.0834
  28.      alphaed(f,ned)              1219.02              919.53       -3.6180       -9.1080      261.3493        1.1076
  28.      alphaed(f,ned)              1219.02             1557.14       -3.6180      -14.5981      261.3493        0.0046
  28.      alphaed(f,ned)              1219.02             1108.10       -3.6180       -6.9404      261.3493        9.6696
  28.      alphaed(f,ned)              1219.02             1149.87       -3.6180       -7.5108      261.3493        5.4684
  28.      alphaed(f,ned)              1219.02              951.22       -3.6180       -6.9825      261.3493        9.2711
  28.      alphaed(f,ned)              1219.02             1238.26       -3.6180       -7.8845      261.3493        3.7639
  28.      alphaed(f,ned)              1219.02              921.88       -3.6180       -7.1875      261.3493        7.5541
  28.      alphaed(f,ned)              1219.02             1059.94       -3.6180       -6.0501      261.3493       23.5210
  28.      alphaed(f,ned)              1219.02              933.88       -3.6180       -8.1399      261.3493        2.9159
  28.      alphaed(f,ned)              1219.02             1006.57       -3.6180       -7.2599      261.3493        7.0269
  28.      alphaed(f,ned)              1219.02             1091.95       -3.6180       -7.2884      261.3493        6.8292
  28.      alphaed(f,ned)              1219.02             1054.47       -3.6180       -5.8868      261.3493       27.6803
  28.      alphaed(f,ned)              1219.02             1071.95       -3.6180       -9.5497      261.3493        0.7122
  28.      alphaed(f,ned)              1219.02             1083.44       -3.6180       -7.3436      261.3493        6.4633
   1.      emp,cur,m                   1219.02             1031.00        1.3150        7.5301        0.7685        0.9994
  28.      alphaed(f,ned)              1219.02             1069.30       -3.6180       -5.8829      261.3493       27.7890
  28.      alphaed(f,ned)              1219.02             1109.66       -3.6180       -7.3395      261.3493        6.4897
  28.      alphaed(f,ned)              1219.02             1054.47       -3.6180       -5.8868      261.3493       27.6803
  28.      alphaed(f,ned)              1219.02              917.26       -3.6180       -8.7531      261.3493        1.5794
  28.      alphaed(f,ned)              1219.02             1285.70       -3.6180      -12.9807      261.3493        0.0230
  56.      alf20                       1219.02             1056.16       -0.0470        0.5487       -0.0470        0.5487
  28.      alphaed(f,ned)              1219.02             1085.25       -3.6180       -7.2811      261.3493        6.8795
  28.      alphaed(f,ned)              1219.02             1069.30       -3.6180       -5.8829      261.3493       27.7890
  28.      alphaed(f,ned)              1219.02              990.44       -3.6180       -6.1677      261.3493       20.9175
  28.      alphaed(f,ned)              1219.02             1087.09       -3.6180       -7.2508      261.3493        7.0909
  28.      alphaed(f,ned)              1219.02             1069.30       -3.6180       -5.8829      261.3493       27.7890
  28.      alphaed(f,ned)              1219.02              891.04       -3.6180       -7.4929      261.3493        5.5669
  28.      alphaed(f,ned)              1219.02              913.94       -3.6180       -9.3361      261.3493        0.8817
  28.      alphaed(f,ned)              1219.02             1072.79       -3.6180       -9.5903      261.3493        0.6838
  28.      alphaed(f,ned)              1219.02             1024.93       -3.6180       -6.2541      261.3493       19.1896
  28.      alphaed(f,ned)              1219.02             1064.94       -3.6180       -6.1160      261.3493       22.0236
  56.      alf20                       1219.02             1053.44       -0.0470        0.5412       -0.0470        0.5412
  28.      alphaed(f,ned)              1219.02             1072.79       -3.6180       -9.5903      261.3493        0.6838
  56.      alf20                       1219.02             1053.44       -0.0470        0.5412       -0.0470        0.5412
  28.      alphaed(f,ned)              1219.02             1058.57       -3.6180       -7.1580      261.3493        7.7801
  28.      alphaed(f,ned)              1219.02             1075.08       -3.6180       -7.2882      261.3493        6.8310
  28.      alphaed(f,ned)              1219.02             1069.30       -3.6180       -5.8829      261.3493       27.7890
  28.      alphaed(f,ned)              1219.02             1000.24       -3.6180       -5.9641      261.3493       25.6284
  28.      alphaed(f,ned)              1219.02             1057.20       -3.6180       -8.6838      261.3493        1.6928
  28.      alphaed(f,ned)              1219.02             1035.53       -3.6180       -7.1613      261.3493        7.7543
  28.      alphaed(f,ned)              1219.02             1032.39       -3.6180       -6.4614      261.3493       15.6022
  28.      alphaed(f,ned)              1219.02             1082.29       -3.6180       -7.4295      261.3493        5.9316
  28.      alphaed(f,ned)              1219.02             1085.52       -3.6180       -7.4849      261.3493        5.6121
  28.      alphaed(f,ned)              1219.02             1054.47       -3.6180       -5.8868      261.3493       27.6803
  28.      alphaed(f,ned)              1219.02             1085.52       -3.6180       -7.4849      261.3493        5.6121
  28.      alphaed(f,ned)              1219.02             1063.69       -3.6180       -5.9444      261.3493       26.1368
  28.      alphaed(f,ned)              1219.02             1087.11       -3.6180       -9.8413      261.3493        0.5320
  56.      alf20                       1219.02             1053.44       -0.0470        0.5412       -0.0470        0.5412
  28.      alphaed(f,ned)              1219.02             1057.34       -3.6180       -5.8297      261.3493       29.3026
   1.      emp,cur,m                   1219.02             1028.97        1.3150        7.5201        0.7685        0.9994
  28.      alphaed(f,ned)              1219.02             1102.09       -3.6180       -7.2057      261.3493        7.4180
  28.      alphaed(f,ned)              1219.02              905.26       -3.6180       -6.8904      261.3493       10.1651
  28.      alphaed(f,ned)              1219.02             1097.65       -3.6180       -7.3611      261.3493        6.3507
  28.      alphaed(f,ned)              1219.02              897.54       -3.6180       -6.9783      261.3493        9.3103
  28.      alphaed(f,ned)              1219.02             1086.75       -3.6180       -9.6981      261.3493        0.6140
  28.      alphaed(f,ned)              1219.02              937.85       -3.6180       -8.1790      261.3493        2.8039
  28.      alphaed(f,ned)              1219.02             1050.35       -3.6180       -6.1978      261.3493       20.2980
  28.      alphaed(f,ned)              1219.02              895.17       -3.6180       -6.4387      261.3493       15.9598
  28.      alphaed(f,ned)              1219.02             1032.05       -3.6180       -6.8969      261.3493       10.0993
  28.      alphaed(f,ned)              1219.02             1038.02       -3.6180       -8.9286      261.3493        1.3253
  28.      alphaed(f,ned)              1219.02              905.96       -3.6180       -7.8267      261.3493        3.9878
  28.      alphaed(f,ned)              1219.02             1031.63       -3.6180       -6.5885      261.3493       13.7420
  28.      alphaed(f,ned)              1219.02             1032.05       -3.6180       -6.8969      261.3493       10.0993
  28.      alphaed(f,ned)              1219.02             1031.63       -3.6180       -6.5885      261.3493       13.7420
  28.      alphaed(f,ned)              1219.02              941.24       -3.6180       -6.6656      261.3493       12.7238
  28.      alphaed(f,ned)              1219.02             1021.59       -3.6180       -7.2471      261.3493        7.1170
  28.      alphaed(f,ned)              1219.02             1024.93       -3.6180       -6.2541      261.3493       19.1896
  28.      alphaed(f,ned)              1219.02             1021.59       -3.6180       -7.2471      261.3493        7.1170
  28.      alphaed(f,ned)              1219.02              911.53       -3.6180       -7.8659      261.3493        3.8346
  28.      alphaed(f,ned)              1219.02             1019.40       -3.6180       -6.3375      261.3493       17.6551
  28.      alphaed(f,ned)              1219.02             1021.59       -3.6180       -7.2471      261.3493        7.1170
  28.      alphaed(f,ned)              1219.02             1019.40       -3.6180       -6.3375      261.3493       17.6551
  28.      alphaed(f,ned)              1219.02             1021.59       -3.6180       -7.2471      261.3493        7.1170
  28.      alphaed(f,ned)              1219.02             1019.40       -3.6180       -6.3375      261.3493       17.6551
  28.      alphaed(f,ned)              1219.02              906.49       -3.6180       -6.5435      261.3493       14.3741
  88.      ptypehs                     1219.02             1632.64       -0.6489        2.1485        0.1317        0.7297
  28.      alphaed(f,ned)              1219.02             1008.22       -3.6180       -7.2290      261.3493        7.2472
  28.      alphaed(f,ned)              1219.02             1066.31       -3.6180       -7.6511      261.3493        4.7528
  28.      alphaed(f,ned)              1219.02              938.18       -3.6180       -7.2294      261.3493        7.2446
  28.      alphaed(f,ned)              1219.02              960.65       -3.6180       -8.5817      261.3493        1.8747
  28.      alphaed(f,ned)              1219.02             1018.81       -3.6180       -7.5266      261.3493        5.3830
  28.      alphaed(f,ned)              1219.02              999.24       -3.6180       -6.5683      261.3493       14.0222
  28.      alphaed(f,ned)              1219.02              993.99       -3.6180       -6.2339      261.3493       19.5797
  28.      alphaed(f,ned)              1219.02              899.60       -3.6180       -6.3035      261.3493       18.2656
  89.      ptypecol                    1219.02             1236.59       -0.6332        2.1442        0.2294        0.8076
  28.      alphaed(f,ned)              1219.02              901.45       -3.6180       -7.8524      261.3493        3.8867
  28.      alphaed(f,ned)              1219.02             1162.33       -3.6180       -9.8257      261.3493        0.5404
  28.      alphaed(f,ned)              1219.02             1027.04       -3.6180       -6.4944      261.3493       15.0966
  28.      alphaed(f,ned)              1219.02              915.81       -3.6180       -6.6857      261.3493       12.4703
  28.      alphaed(f,ned)              1219.02             1079.40       -3.6180       -9.1903      261.3493        1.0202
  28.      alphaed(f,ned)              1219.02              952.27       -3.6180       -8.0533      261.3493        3.1794
  28.      alphaed(f,ned)              1219.02             1017.85       -3.6180       -7.6689      261.3493        4.6690
  28.      alphaed(f,ned)              1219.02              993.99       -3.6180       -6.2339      261.3493       19.5797
  28.      alphaed(f,ned)              1219.02              965.59       -3.6180       -7.7377      261.3493        4.3588
   2.      emp,cur,m                   1219.02              970.39       -2.1020       -4.0747        0.0252        0.0026
  28.      alphaed(f,ned)              1219.02              999.93       -3.6180       -7.2774      261.3493        6.9053
  28.      alphaed(f,ned)              1219.02              897.59       -3.6180       -8.5313      261.3493        1.9717
  28.      alphaed(f,ned)              1219.02             1237.31       -3.6180      -11.6754      261.3493        0.0850
  28.      alphaed(f,ned)              1219.02              904.27       -3.6180       -8.9925      261.3493        1.2432
  28.      alphaed(f,ned)              1219.02              978.32       -3.6180       -6.8405      261.3493       10.6843
  28.      alphaed(f,ned)              1219.02              911.14       -3.6180       -7.7660      261.3493        4.2371
  28.      alphaed(f,ned)              1219.02             1016.45       -3.6180       -7.9610      261.3493        3.4868
  28.      alphaed(f,ned)              1219.02              893.44       -3.6180       -7.5292      261.3493        5.3687
  28.      alphaed(f,ned)              1219.02              969.10       -3.6180       -7.4093      261.3493        6.0526
  28.      alphaed(f,ned)              1219.02              956.73       -3.6180       -9.0405      261.3493        1.1850
  28.      alphaed(f,ned)              1219.02              907.28       -3.6180       -9.0878      261.3493        1.1303
  28.      alphaed(f,ned)              1219.02              986.05       -3.6180       -7.1018      261.3493        8.2292
  28.      alphaed(f,ned)              1219.02              969.10       -3.6180       -7.4093      261.3493        6.0526
  28.      alphaed(f,ned)              1219.02              963.84       -3.6180       -7.4350      261.3493        5.8989
  28.      alphaed(f,ned)              1219.02             1003.32       -3.6180       -7.7058      261.3493        4.5001
  28.      alphaed(f,ned)              1219.02              914.33       -3.6180       -7.4895      261.3493        5.5863
  28.      alphaed(f,ned)              1219.02              897.94       -3.6180       -7.4332      261.3493        5.9093
  51.      alf11                       1219.02             1201.15       -0.4503       -4.5880        0.3893        0.0101
  28.      alphaed(f,ned)              1219.02             1017.61       -3.6180       -9.0506      261.3493        1.1731
  28.      alphaed(f,ned)              1219.02              930.83       -3.6180       -8.1831      261.3493        2.7924
  28.      alphaed(f,ned)              1219.02              969.14       -3.6180       -6.9109      261.3493        9.9587
  28.      alphaed(f,ned)              1219.02             1000.09       -3.6180       -7.2202      261.3493        7.3114
  28.      alphaed(f,ned)              1219.02              907.59       -3.6180       -7.2674      261.3493        6.9740
  28.      alphaed(f,ned)              1219.02              977.98       -3.6180       -5.5208      261.3493       39.8676
  28.      alphaed(f,ned)              1219.02              918.18       -3.6180       -5.8618      261.3493       28.3799
  28.      alphaed(f,ned)              1219.02              954.47       -3.6180       -8.9358      261.3493        1.3157
  28.      alphaed(f,ned)              1219.02              965.14       -3.6180       -7.6236      261.3493        4.8853
  28.      alphaed(f,ned)              1219.02              875.56       -3.6180      -11.0706      261.3493        0.1556
  28.      alphaed(f,ned)              1219.02             1710.11       -3.6180      -18.5232      261.3493        0.0001
  28.      alphaed(f,ned)              1219.02             1063.37       -3.6180       -9.6165      261.3493        0.6662
  28.      alphaed(f,ned)              1219.02              938.36       -3.6180       -8.5359      261.3493        1.9625
  28.      alphaed(f,ned)              1219.02              868.45       -3.6180       -7.9880      261.3493        3.3941
  28.      alphaed(f,ned)              1219.02              997.01       -3.6180       -8.9934      261.3493        1.2421
  28.      alphaed(f,ned)              1219.02              971.44       -3.6180       -7.3609      261.3493        6.3523
  28.      alphaed(f,ned)              1219.02              859.90       -3.6180       -9.1044      261.3493        1.1116
  27.      alphaed(m,ned)              1219.02             2659.07       -5.9650        7.1860       25.6047     9992.4349
  28.      alphaed(f,ned)              1219.02              970.24       -3.6180       -6.1100      261.3493       22.1567
  28.      alphaed(f,ned)              1219.02              960.50       -3.6180       -7.6368      261.3493        4.8212
  28.      alphaed(f,ned)              1219.02              954.91       -3.6180       -8.9465      261.3493        1.3018
  28.      alphaed(f,ned)              1219.02              972.92       -3.6180       -7.4700      261.3493        5.6961
  28.      alphaed(f,ned)              1219.02              960.50       -3.6180       -7.6368      261.3493        4.8212
  28.      alphaed(f,ned)              1219.02              972.92       -3.6180       -7.4700      261.3493        5.6961
  28.      alphaed(f,ned)              1219.02              960.50       -3.6180       -7.6368      261.3493        4.8212
  28.      alphaed(f,ned)              1219.02              957.78       -3.6180       -7.6796      261.3493        4.6195
  28.      alphaed(f,ned)              1219.02              838.07       -3.6180       -7.4343      261.3493        5.9031
  28.      alphaed(f,ned)              1219.02             1002.86       -3.6180       -7.1883      261.3493        7.5483
  28.      alphaed(f,ned)              1219.02              965.76       -3.6180       -7.4699      261.3493        5.6964
  28.      alphaed(f,ned)              1219.02              960.50       -3.6180       -7.6368      261.3493        4.8212
  28.      alphaed(f,ned)              1219.02              956.20       -3.6180       -6.1099      261.3493       22.1579
  28.      alphaed(f,ned)              1219.02              968.39       -3.6180       -7.3164      261.3493        6.6410
  28.      alphaed(f,ned)              1219.02              957.78       -3.6180       -7.6796      261.3493        4.6195
  28.      alphaed(f,ned)              1219.02              954.91       -3.6180       -8.9465      261.3493        1.3018
  28.      alphaed(f,ned)              1219.02              856.41       -3.6180       -8.2635      261.3493        2.5769
  28.      alphaed(f,ned)              1219.02              974.28       -3.6180       -9.7346      261.3493        0.5919
  31.      alphakid(m)                 1219.02              956.84      -14.3900       -8.9978        0.0056        1.2367
  28.      alphaed(f,ned)              1219.02              964.77       -3.6180       -8.9463      261.3493        1.3020
  28.      alphaed(f,ned)              1219.02              956.93       -3.6180       -7.5821      261.3493        5.0924
  28.      alphaed(f,ned)              1219.02              956.42       -3.6180       -6.2629      261.3493       19.0208
  28.      alphaed(f,ned)              1219.02              961.73       -3.6180       -7.5195      261.3493        5.4209
  28.      alphaed(f,ned)              1219.02              882.83       -3.6180       -7.5489      261.3493        5.2644
  28.      alphaed(f,ned)              1219.02              950.98       -3.6180       -7.5730      261.3493        5.1388
  28.      alphaed(f,ned)              1219.02              969.88       -3.6180       -8.9426      261.3493        1.3069
  28.      alphaed(f,ned)              1219.02              899.58       -3.6180       -8.2727      261.3493        2.5534
  28.      alphaed(f,ned)              1219.02              950.73       -3.6180       -6.2331      261.3493       19.5952
  28.      alphaed(f,ned)              1219.02              977.93       -3.6180       -9.6999      261.3493        0.6128
  28.      alphaed(f,ned)              1219.02              916.29       -3.6180       -8.6518      261.3493        1.7478
  28.      alphaed(f,ned)              1219.02             1007.74       -3.6180       -9.3190      261.3493        0.8970
  28.      alphaed(f,ned)              1219.02              912.81       -3.6180       -8.4869      261.3493        2.0610
  12.      u,of,f                      1219.02             1193.85       -1.9510        2.4765        0.1244        0.9225
  28.      alphaed(f,ned)              1219.02              972.48       -3.6180       -7.0769      261.3493        8.4366
  28.      alphaed(f,ned)              1219.02              835.66       -3.6180       -7.8489      261.3493        3.9003
  28.      alphaed(f,ned)              1219.02              844.33       -3.6180       -8.2694      261.3493        2.5619
  28.      alphaed(f,ned)              1219.02              843.72       -3.6180       -7.7111      261.3493        4.4762
  28.      alphaed(f,ned)              1219.02              835.48       -3.6180       -9.2524      261.3493        0.9587
  28.      alphaed(f,ned)              1219.02              845.60       -3.6180       -7.4916      261.3493        5.5746
  28.      alphaed(f,ned)              1219.02              844.42       -3.6180       -7.1069      261.3493        8.1874
  28.      alphaed(f,ned)              1219.02              849.32       -3.6180       -7.4636      261.3493        5.7325
  28.      alphaed(f,ned)              1219.02              861.35       -3.6180       -6.6257      261.3493       13.2407
  28.      alphaed(f,ned)              1219.02              842.32       -3.6180       -7.9828      261.3493        3.4118
  28.      alphaed(f,ned)              1219.02              855.96       -3.6180       -6.9365      261.3493        9.7075
  28.      alphaed(f,ned)              1219.02              842.25       -3.6180       -7.4338      261.3493        5.9062
  28.      alphaed(f,ned)              1219.02              865.44       -3.6180       -6.8689      261.3493       10.3856
  28.      alphaed(f,ned)              1219.02              846.36       -3.6180       -7.4817      261.3493        5.6296
  28.      alphaed(f,ned)              1219.02              846.08       -3.6180       -7.6433      261.3493        4.7900
  28.      alphaed(f,ned)              1219.02              847.15       -3.6180       -7.2063      261.3493        7.4136
  28.      alphaed(f,ned)              1219.02              857.66       -3.6180       -7.1623      261.3493        7.7465
  28.      alphaed(f,ned)              1219.02              850.12       -3.6180       -7.8535      261.3493        3.8825
  28.      alphaed(f,ned)              1219.02              861.34       -3.6180       -7.6305      261.3493        4.8519
  28.      alphaed(f,ned)              1219.02              857.26       -3.6180       -7.9570      261.3493        3.5008
  28.      alphaed(f,ned)              1219.02              852.89       -3.6180       -6.9889      261.3493        9.2124
  28.      alphaed(f,ned)              1219.02              841.94       -3.6180       -8.2134      261.3493        2.7093
  28.      alphaed(f,ned)              1219.02              855.05       -3.6180       -7.3509      261.3493        6.4163
  28.      alphaed(f,ned)              1219.02              851.36       -3.6180       -8.2610      261.3493        2.5833
  28.      alphaed(f,ned)              1219.02              854.67       -3.6180       -7.2859      261.3493        6.8463
  28.      alphaed(f,ned)              1219.02              854.94       -3.6180       -7.6002      261.3493        5.0012
  28.      alphaed(f,ned)              1219.02              867.93       -3.6180       -6.9117      261.3493        9.9505
  28.      alphaed(f,ned)              1219.02              850.82       -3.6180       -8.0431      261.3493        3.2122
  28.      alphaed(f,ned)              1219.02              857.05       -3.6180       -7.6501      261.3493        4.7578
  28.      alphaed(f,ned)              1219.02              861.79       -3.6180       -7.0600      261.3493        8.5803
  28.      alphaed(f,ned)              1219.02              849.24       -3.6180       -8.0937      261.3493        3.0536
  28.      alphaed(f,ned)              1219.02              851.05       -3.6180       -6.3689      261.3493       17.1117
  28.      alphaed(f,ned)              1219.02              848.68       -3.6180       -7.9606      261.3493        3.4882
  28.      alphaed(f,ned)              1219.02              856.36       -3.6180       -8.2712      261.3493        2.5572
  28.      alphaed(f,ned)              1219.02              861.38       -3.6180       -7.4619      261.3493        5.7425
  28.      alphaed(f,ned)              1219.02              860.50       -3.6180       -6.6480      261.3493       12.9487
  28.      alphaed(f,ned)              1219.02              857.58       -3.6180       -7.3109      261.3493        6.6778
  28.      alphaed(f,ned)              1219.02              858.07       -3.6180       -7.8087      261.3493        4.0602
  28.      alphaed(f,ned)              1219.02              850.98       -3.6180       -7.7871      261.3493        4.1490
  28.      alphaed(f,ned)              1219.02              861.93       -3.6180       -7.1084      261.3493        8.1755
  28.      alphaed(f,ned)              1219.02              870.73       -3.6180       -7.7269      261.3493        4.4063
  28.      alphaed(f,ned)              1219.02              854.11       -3.6180       -7.9851      261.3493        3.4038
  28.      alphaed(f,ned)              1219.02              870.26       -3.6180       -7.3318      261.3493        6.5395
  28.      alphaed(f,ned)              1219.02              862.70       -3.6180       -7.8067      261.3493        4.0685
  28.      alphaed(f,ned)              1219.02              861.31       -3.6180       -7.0499      261.3493        8.6671
  28.      alphaed(f,ned)              1219.02              862.27       -3.6180       -7.0583      261.3493        8.5948
  28.      alphaed(f,ned)              1219.02              868.77       -3.6180       -7.0723      261.3493        8.4757
  28.      alphaed(f,ned)              1219.02              880.15       -3.6180       -9.8455      261.3493        0.5298
  28.      alphaed(f,ned)              1219.02              871.59       -3.6180       -6.6631      261.3493       12.7561
  28.      alphaed(f,ned)              1219.02              869.36       -3.6180       -7.5036      261.3493        5.5077
  28.      alphaed(f,ned)              1219.02              875.00       -3.6180       -7.7438      261.3493        4.3323
  28.      alphaed(f,ned)              1219.02              865.33       -3.6180       -6.8337      261.3493       10.7573
  28.      alphaed(f,ned)              1219.02              881.53       -3.6180       -8.1137      261.3493        2.9931
  28.      alphaed(f,ned)              1219.02              901.12       -3.6180       -6.9696      261.3493        9.3919
  28.      alphaed(f,ned)              1219.02              835.46       -3.6180       -7.2556      261.3493        7.0571
   1.      emp,cur,m                   1219.02              828.70        1.3150        3.1881        0.7685        0.9565
  28.      alphaed(f,ned)              1219.02              842.43       -3.6180       -0.4307      261.3493     3939.4848
  28.      alphaed(f,ned)              1219.02              822.70       -3.6180       -7.1396      261.3493        7.9240
  28.      alphaed(f,ned)              1219.02              795.32       -3.6180       -6.5355      261.3493       14.4891
  28.      alphaed(f,ned)              1219.02              830.22       -3.6180       -8.2155      261.3493        2.7036
  28.      alphaed(f,ned)              1219.02              828.95       -3.6180       -7.5807      261.3493        5.0993
  28.      alphaed(f,ned)              1219.02              859.54       -3.6180       -7.4119      261.3493        6.0368
  28.      alphaed(f,ned)              1219.02              833.71       -3.6180       -7.8563      261.3493        3.8716
  28.      alphaed(f,ned)              1219.02              837.70       -3.6180       -7.2067      261.3493        7.4107
  28.      alphaed(f,ned)              1219.02              837.06       -3.6180       -8.0332      261.3493        3.2441
  28.      alphaed(f,ned)              1219.02              830.95       -3.6180       -7.1469      261.3493        7.8665
  28.      alphaed(f,ned)              1219.02              863.49       -3.6180       -8.0954      261.3493        3.0484
  28.      alphaed(f,ned)              1219.02              846.36       -3.6180       -8.1791      261.3493        2.8037
  28.      alphaed(f,ned)              1219.02              822.83       -3.6180       -8.0063      261.3493        3.3324
  28.      alphaed(f,ned)              1219.02              864.98       -3.6180       -6.9574      261.3493        9.5065
  28.      alphaed(f,ned)              1219.02              841.71       -3.6180       -7.2419      261.3493        7.1543
  28.      alphaed(f,ned)              1219.02              828.18       -3.6180       -7.9998      261.3493        3.3541
  28.      alphaed(f,ned)              1219.02              826.50       -3.6180       -7.4435      261.3493        5.8487
  28.      alphaed(f,ned)              1219.02              823.89       -3.6180       -7.6114      261.3493        4.9451
  28.      alphaed(f,ned)              1219.02              830.19       -3.6180       -7.9283      261.3493        3.6028
  28.      alphaed(f,ned)              1219.02              817.85       -3.6180       -7.8035      261.3493        4.0816
  28.      alphaed(f,ned)              1219.02              843.91       -3.6180       -8.0847      261.3493        3.0813
  28.      alphaed(f,ned)              1219.02              816.06       -3.6180       -8.0722      261.3493        3.1201
  28.      alphaed(f,ned)              1219.02              848.64       -3.6180       -7.7941      261.3493        4.1200
  28.      alphaed(f,ned)              1219.02              824.65       -3.6180       -8.6252      261.3493        1.7950
  28.      alphaed(f,ned)              1219.02              842.46       -3.6180       -8.6789      261.3493        1.7011
  28.      alphaed(f,ned)              1219.02              820.33       -3.6180       -7.3977      261.3493        6.1229
  28.      alphaed(f,ned)              1219.02              816.85       -3.6180       -7.5302      261.3493        5.3636
  28.      alphaed(f,ned)              1219.02              841.73       -3.6180       -7.6842      261.3493        4.5983
  28.      alphaed(f,ned)              1219.02              817.23       -3.6180       -7.0405      261.3493        8.7489
  28.      alphaed(f,ned)              1219.02              825.45       -3.6180       -8.3792      261.3493        2.2954
  28.      alphaed(f,ned)              1219.02              814.48       -3.6180       -7.3458      261.3493        6.4491
  28.      alphaed(f,ned)              1219.02              811.72       -3.6180       -8.0472      261.3493        3.1989
  28.      alphaed(f,ned)              1219.02              812.76       -3.6180       -8.0091      261.3493        3.3232
  28.      alphaed(f,ned)              1219.02              860.69       -3.6180       -8.4103      261.3493        2.2251
  28.      alphaed(f,ned)              1219.02              835.29       -3.6180       -8.0549      261.3493        3.1743
  28.      alphaed(f,ned)              1219.02              821.25       -3.6180       -7.8165      261.3493        4.0286
  28.      alphaed(f,ned)              1219.02              822.30       -3.6180       -7.1385      261.3493        7.9328
  28.      alphaed(f,ned)              1219.02              813.52       -3.6180       -7.3217      261.3493        6.6058
  28.      alphaed(f,ned)              1219.02              812.73       -3.6180       -7.5598      261.3493        5.2070
  28.      alphaed(f,ned)              1219.02              881.41       -3.6180       -9.0238      261.3493        1.2049
  28.      alphaed(f,ned)              1219.02              840.60       -3.6180       -8.3601      261.3493        2.3397
  28.      alphaed(f,ned)              1219.02              814.61       -3.6180       -7.5587      261.3493        5.2127
  28.      alphaed(f,ned)              1219.02              802.70       -3.6180       -7.9522      261.3493        3.5175
  28.      alphaed(f,ned)              1219.02              809.03       -3.6180       -7.3167      261.3493        6.6392
  28.      alphaed(f,ned)              1219.02              813.79       -3.6180       -7.4250      261.3493        5.9579
  28.      alphaed(f,ned)              1219.02              809.72       -3.6180       -8.1878      261.3493        2.7796
  28.      alphaed(f,ned)              1219.02              834.85       -3.6180       -7.6151      261.3493        4.9271
  28.      alphaed(f,ned)              1219.02              826.15       -3.6180       -7.2084      261.3493        7.3983
  28.      alphaed(f,ned)              1219.02              807.15       -3.6180       -7.8850      261.3493        3.7619
  28.      alphaed(f,ned)              1219.02              809.91       -3.6180       -7.9104      261.3493        3.6679
  28.      alphaed(f,ned)              1219.02              806.58       -3.6180       -7.7590      261.3493        4.2668
  28.      alphaed(f,ned)              1219.02              809.12       -3.6180       -8.3205      261.3493        2.4341
  28.      alphaed(f,ned)              1219.02              809.34       -3.6180       -7.1601      261.3493        7.7640
  28.      alphaed(f,ned)              1219.02              810.38       -3.6180       -8.1844      261.3493        2.7890
  28.      alphaed(f,ned)              1219.02              826.03       -3.6180       -7.3454      261.3493        6.4511
  28.      alphaed(f,ned)              1219.02              820.48       -3.6180       -6.6999      261.3493       12.2946
  28.      alphaed(f,ned)              1219.02              806.21       -3.6180       -7.6288      261.3493        4.8600
  28.      alphaed(f,ned)              1219.02              806.86       -3.6180       -7.9137      261.3493        3.6557
  28.      alphaed(f,ned)              1219.02              791.25       -3.6180       -7.1225      261.3493        8.0608
  28.      alphaed(f,ned)              1219.02              779.04       -3.6180       -6.0317      261.3493       23.9575
  28.      alphaed(f,ned)              1219.02              819.96       -3.6180       -7.5882      261.3493        5.0616
  28.      alphaed(f,ned)              1219.02              809.02       -3.6180       -6.8826      261.3493       10.2445
  28.      alphaed(f,ned)              1219.02              804.85       -3.6180       -7.2176      261.3493        7.3304
  28.      alphaed(f,ned)              1219.02              810.55       -3.6180       -7.7577      261.3493        4.2724
  28.      alphaed(f,ned)              1219.02              816.99       -3.6180       -8.0065      261.3493        3.3317
  28.      alphaed(f,ned)              1219.02              805.19       -3.6180       -7.1790      261.3493        7.6184
  28.      alphaed(f,ned)              1219.02              799.45       -3.6180       -7.3375      261.3493        6.5023
  28.      alphaed(f,ned)              1219.02              799.09       -3.6180       -7.1039      261.3493        8.2124
  28.      alphaed(f,ned)              1219.02              796.29       -3.6180       -5.8238      261.3493       29.4775
  28.      alphaed(f,ned)              1219.02              797.82       -3.6180       -7.7655      261.3493        4.2393
  28.      alphaed(f,ned)              1219.02              816.65       -3.6180       -7.4118      261.3493        6.0371
  28.      alphaed(f,ned)              1219.02              796.05       -3.6180       -7.1535      261.3493        7.8148
  28.      alphaed(f,ned)              1219.02              797.39       -3.6180       -7.8631      261.3493        3.8452
  28.      alphaed(f,ned)              1219.02              788.23       -3.6180       -6.7810      261.3493       11.3384
  28.      alphaed(f,ned)              1219.02              798.01       -3.6180       -7.0241      261.3493        8.8937
  28.      alphaed(f,ned)              1219.02              793.58       -3.6180       -6.9150      261.3493        9.9175
  28.      alphaed(f,ned)              1219.02              786.52       -3.6180       -7.3085      261.3493        6.6935
  28.      alphaed(f,ned)              1219.02              787.90       -3.6180       -9.8346      261.3493        0.5356
  28.      alphaed(f,ned)              1219.02              787.12       -3.6180       -7.6212      261.3493        4.8974
  28.      alphaed(f,ned)              1219.02              810.99       -3.6180       -7.7299      261.3493        4.3931
  28.      alphaed(f,ned)              1219.02              792.55       -3.6180       -6.6711      261.3493       12.6540
  28.      alphaed(f,ned)              1219.02              807.59       -3.6180       -7.8213      261.3493        4.0094
  28.      alphaed(f,ned)              1219.02              804.88       -3.6180       -6.3736      261.3493       17.0313
  28.      alphaed(f,ned)              1219.02              796.31       -3.6180       -7.8308      261.3493        3.9716
  28.      alphaed(f,ned)              1219.02              785.52       -3.6180       -7.3663      261.3493        6.3180
  28.      alphaed(f,ned)              1219.02              777.83       -3.6180       -6.9468      261.3493        9.6076
  28.      alphaed(f,ned)              1219.02              772.59       -3.6180       -5.8873      261.3493       27.6668
  28.      alphaed(f,ned)              1219.02              791.86       -3.6180       -7.0624      261.3493        8.5596
  28.      alphaed(f,ned)              1219.02              768.85       -3.6180       -7.4684      261.3493        5.7054
  28.      alphaed(f,ned)              1219.02              743.15       -3.6180       -7.5390      261.3493        5.3163
  28.      alphaed(f,ned)              1219.02              793.28       -3.6180       -8.1984      261.3493        2.7503
  28.      alphaed(f,ned)              1219.02              792.30       -3.6180       -7.3336      261.3493        6.5277
  28.      alphaed(f,ned)              1219.02              775.91       -3.6180       -7.1003      261.3493        8.2421
  28.      alphaed(f,ned)              1219.02              771.96       -3.6180       -7.8655      261.3493        3.8362
  28.      alphaed(f,ned)              1219.02              796.10       -3.6180       -6.8941      261.3493       10.1277
  28.      alphaed(f,ned)              1219.02              767.65       -3.6180       -7.3460      261.3493        6.4478
  28.      alphaed(f,ned)              1219.02              792.01       -3.6180       -7.4618      261.3493        5.7430
  28.      alphaed(f,ned)              1219.02              777.19       -3.6180       -6.7779      261.3493       11.3732
  28.      alphaed(f,ned)              1219.02              773.95       -3.6180       -7.2614      261.3493        7.0165
  28.      alphaed(f,ned)              1219.02              775.32       -3.6180       -7.4711      261.3493        5.6899
  28.      alphaed(f,ned)              1219.02              767.72       -3.6180       -7.5009      261.3493        5.5230
  28.      alphaed(f,ned)              1219.02              771.30       -3.6180       -7.4005      261.3493        6.1059
  28.      alphaed(f,ned)              1219.02              777.33       -3.6180       -7.2596      261.3493        7.0293
  28.      alphaed(f,ned)              1219.02              759.69       -3.6180       -6.7815      261.3493       11.3332
  28.      alphaed(f,ned)              1219.02              761.85       -3.6180       -6.6947      261.3493       12.3598
  28.      alphaed(f,ned)              1219.02              784.67       -3.6180       -6.9722      261.3493        9.3672
  28.      alphaed(f,ned)              1219.02              782.36       -3.6180       -6.9141      261.3493        9.9269
  28.      alphaed(f,ned)              1219.02              782.95       -3.6180       -6.4386      261.3493       15.9607
  28.      alphaed(f,ned)              1219.02              770.06       -3.6180       -6.3679      261.3493       17.1274
  28.      alphaed(f,ned)              1219.02              764.77       -3.6180       -6.5860      261.3493       13.7761
  28.      alphaed(f,ned)              1219.02              769.49       -3.6180       -6.1091      261.3493       22.1754
  28.      alphaed(f,ned)              1219.02              793.19       -3.6180       -7.2292      261.3493        7.2459
  28.      alphaed(f,ned)              1219.02              761.75       -3.6180       -7.5200      261.3493        5.4184
  28.      alphaed(f,ned)              1219.02              750.26       -3.6180       -7.0937      261.3493        8.2963
  28.      alphaed(f,ned)              1219.02              772.44       -3.6180       -6.5611      261.3493       14.1232
  28.      alphaed(f,ned)              1219.02              766.30       -3.6180       -6.4465      261.3493       15.8361
  28.      alphaed(f,ned)              1219.02              762.06       -3.6180       -6.3614      261.3493       17.2401
  28.      alphaed(f,ned)              1219.02              762.05       -3.6180       -6.4623      261.3493       15.5883
  28.      alphaed(f,ned)              1219.02              774.30       -3.6180       -6.5476      261.3493       14.3146
  28.      alphaed(f,ned)              1219.02              756.04       -3.6180       -6.9731      261.3493        9.3583
  28.      alphaed(f,ned)              1219.02              756.21       -3.6180       -7.8016      261.3493        4.0890
  28.      alphaed(f,ned)              1219.02              747.22       -3.6180       -6.9801      261.3493        9.2935
  28.      alphaed(f,ned)              1219.02              761.28       -3.6180       -6.2081      261.3493       20.0909
  28.      alphaed(f,ned)              1219.02              763.23       -3.6180       -6.7793      261.3493       11.3576
  28.      alphaed(f,ned)              1219.02              744.98       -3.6180       -7.0005      261.3493        9.1061
  28.      alphaed(f,ned)              1219.02              749.86       -3.6180       -6.3094      261.3493       18.1578
  28.      alphaed(f,ned)              1219.02              759.64       -3.6180       -7.0233      261.3493        8.9005
  28.      alphaed(f,ned)              1219.02              759.16       -3.6180       -6.1520      261.3493       21.2464
  28.      alphaed(f,ned)              1219.02              767.56       -3.6180       -7.4649      261.3493        5.7251
  28.      alphaed(f,ned)              1219.02              755.87       -3.6180       -6.8588      261.3493       10.4902
  28.      alphaed(f,ned)              1219.02              774.90       -3.6180       -6.1442      261.3493       21.4125
  28.      alphaed(f,ned)              1219.02              753.00       -3.6180       -8.1636      261.3493        2.8477
  28.      alphaed(f,ned)              1219.02              765.20       -3.6180       -7.1421      261.3493        7.9047
  28.      alphaed(f,ned)              1219.02              745.60       -3.6180       -7.1298      261.3493        8.0021
  28.      alphaed(f,ned)              1219.02              762.61       -3.6180       -6.8119      261.3493       10.9941
  28.      alphaed(f,ned)              1219.02              761.62       -3.6180       -5.7894      261.3493       30.5059
  28.      alphaed(f,ned)              1219.02              771.18       -3.6180       -6.5947      261.3493       13.6571
  28.      alphaed(f,ned)              1219.02              756.60       -3.6180       -7.2543      261.3493        7.0662
  28.      alphaed(f,ned)              1219.02              759.12       -3.6180       -6.4556      261.3493       15.6917
  28.      alphaed(f,ned)              1219.02              745.00       -3.6180       -6.8317      261.3493       10.7791
  28.      alphaed(f,ned)              1219.02              749.47       -3.6180       -7.1150      261.3493        8.1214
   1.      emp,cur,m                   1219.02              747.00        1.3150        3.2606        0.7685        0.9595
   1.      emp,cur,m                   1219.02              749.37        1.3150        4.2242        0.7685        0.9842
  28.      alphaed(f,ned)              1219.02              761.94       -3.6180       -6.2928      261.3493       18.4622
  28.      alphaed(f,ned)              1219.02              769.10       -3.6180       -6.1937      261.3493       20.3809
  28.      alphaed(f,ned)              1219.02              753.23       -3.6180       -6.5579      261.3493       14.1688
  28.      alphaed(f,ned)              1219.02              745.78       -3.6180       -7.0960      261.3493        8.2769
  28.      alphaed(f,ned)              1219.02              759.96       -3.6180       -6.6276      261.3493       13.2165
  28.      alphaed(f,ned)              1219.02              764.15       -3.6180       -7.5329      261.3493        5.3489
  28.      alphaed(f,ned)              1219.02              753.29       -3.6180       -6.3155      261.3493       18.0475
  28.      alphaed(f,ned)              1219.02              743.63       -3.6180       -6.7794      261.3493       11.3572
  28.      alphaed(f,ned)              1219.02              752.95       -3.6180       -6.4447      261.3493       15.8641
  28.      alphaed(f,ned)              1219.02              744.09       -3.6180       -6.0344      261.3493       23.8922
  28.      alphaed(f,ned)              1219.02              752.22       -3.6180       -7.3570      261.3493        6.3768
  28.      alphaed(f,ned)              1219.02              739.87       -3.6180       -6.2436      261.3493       19.3916
   1.      emp,cur,m                   1219.02             1020.17        1.3150        3.6643        0.7685        0.9730
  28.      alphaed(f,ned)              1219.02              745.99       -3.6180       -6.9456      261.3493        9.6192
  28.      alphaed(f,ned)              1219.02              779.45       -3.6180       -6.9469      261.3493        9.6066
  28.      alphaed(f,ned)              1219.02              747.81       -3.6180       -6.8505      261.3493       10.5784
  28.      alphaed(f,ned)              1219.02              767.49       -3.6180       -7.6577      261.3493        4.7215
  28.      alphaed(f,ned)              1219.02              745.65       -3.6180       -5.6716      261.3493       34.3053
  28.      alphaed(f,ned)              1219.02              752.57       -3.6180       -6.0701      261.3493       23.0559
  28.      alphaed(f,ned)              1219.02              757.10       -3.6180       -6.8557      261.3493       10.5233
  28.      alphaed(f,ned)              1219.02              757.31       -3.6180       -7.1012      261.3493        8.2341
  28.      alphaed(f,ned)              1219.02              741.65       -3.6180       -7.3982      261.3493        6.1199
  28.      alphaed(f,ned)              1219.02              760.03       -3.6180       -7.3600      261.3493        6.3583
  31.      alphakid(m)                 1219.02              749.71      -14.3900      -11.7286        0.0056        0.0806
  28.      alphaed(f,ned)              1219.02              754.93       -3.6180       -6.1523      261.3493       21.2398
  28.      alphaed(f,ned)              1219.02              884.09       -3.6180       -5.9829      261.3493       25.1518
  28.      alphaed(f,ned)              1219.02              773.10       -3.6180       -6.3534      261.3493       17.3780
  28.      alphaed(f,ned)              1219.02              733.27       -3.6180       -6.8209      261.3493       10.8958
  28.      alphaed(f,ned)              1219.02              730.75       -3.6180       -6.8913      261.3493       10.1556
