  0.97860208998443676     
  -3.4877558445794561     
   2.6986314923655677     
  -102.59999999999948     
   7.3269199943980901E-002
  -5.9643359338079321E-002
   1.2319810811420868     
  -99.699999999996876     
   3.4556469367616041     
  0.41372681902188591     
   1.3817782162645331     
  -1.2059948513914267     
   2.0512922341849640     
   7242.0645043803024     
   7000.0000000000000     
  -1.8997272977944939     
   0.0000000000000000     
   0.0000000000000000     
   0.0000000000000000     
  -1.2210000000000316     
  -1.9579019987593502     
   0.0000000000000000     
   0.0000000000000000     
   7000.0000000000000     
  -60.052013051500012     
  -1.3268821074602104     
  -3.2864581570061517     
  -2.9030704387417585     
  -3.3047576147579472     
   1.5712723017370012     
  -3.9479612385655498     
  -3.9490000000000691     
   5446.6747336692388     
   0.0000000000000000     
   8516.9813999416219     
   3332.9391714030371     
   6660.9562890798315     
   8370.1276812672222     
   3760.8936904352154     
   3578.6447221375638     
   4408.8328855899317     
  0.11585467497671856     
  0.16669975857236785     
   5.2519741892139274E-002
  0.23836227696271384     
 -0.24859999999999804     
  0.22146333629074580     
  0.18847695388658453     
  0.26162023037421678     
  0.14191163662619535     
  -1.0667773435138308     
 -0.14827872307840856     
   0.0000000000000000     
   1.2918535759693081E-002
   2.8785267304492518E-002
  0.11268520978015834     
  0.15844059523145770     
 -0.71159999999999024     
  0.22646220102723746     
  0.29420886020817966     
  0.10780349004387048     
  0.14911940999770718     
 -0.53197492444386996     
  -1.0930874155293733     
   7000.0000000000000     
  -2.0832098683852607     
  -1.6327582720072926     
  -2.1273420334573689     
  -2.2869207761704500     
 -0.38069999999999693     
 -0.32520000000000571     
   9.1437232171268352     
   8.6119608047417469     
  -15962.502019172236     
  -6.0409111386620804     
   0.0000000000000000     
   0.0000000000000000     
   9.0948136435264129     
   8.5859694820435646     
  -19690.000000000000     
  -6.0000000000000000     
   0.0000000000000000     
   0.0000000000000000     
   8.9075782726142574     
   9.0816775542795494     
  -19440.000000000000     
  -6.0000000000000000     
   0.0000000000000000     
   0.0000000000000000     
   8.9437232171267684     
   9.0669849400291422     
  -18910.000000000000     
  -6.0000000000000000     
