   1.      emp,cur,m                   1713.55             1713.55        0.9125        0.9125        0.7058        0.7058
   1.      emp,cur,m                   1713.55             1713.55        0.9125        0.9125        0.7058        0.7058
   1.      emp,cur,m                   1713.55             1835.98        0.9125       -1.0875        0.7058        0.2451
   2.      emp,cur,m                   1713.55             1703.70       -3.2691       -5.2691        0.0108        0.0015
   3.      emp,of,m                    1713.55             1943.19        2.4264        0.4264        0.9188        0.6050
   5.      emp,cur,f                   1713.55             1790.22        0.2447       -1.7553        0.3815        0.0770
   6.      emp,cur,f                   1713.55             1998.98        0.0683       -1.9317        0.3198        0.0598
   7.      emp,of,f                    1713.55             2092.67        0.8631       -1.1369        0.7033        0.2429
   9.      u,cur,m                     1713.55             1986.20        2.9485        0.9485        0.9502        0.7208
  10.      u,of,m                      1713.55             1897.70        0.3751       -1.6249        0.5927        0.1645
  11.      u,cur,f                     1713.55             1848.90        1.6004       -0.3996        0.8321        0.4014
  12.      u,of,f                      1713.55             1352.25        0.8397       -1.1603        0.6984        0.2386
  13.      psil(1)                     1713.55             1958.45        1.9659        2.9659        0.4716        0.7082
  14.      uhomet 1                    1713.55             1867.17     7213.3363    10820.0044     7213.3363    10820.0044
  16.      p(ex=2|ex=1),e              1713.55             1618.35       -1.9544       -1.4544        0.1241        0.1893
  21.      pmeet                       1713.55             1822.10       -1.9481       -1.4481        0.1248        0.1903
  25.      kcst                        1713.55             1740.78       43.9425     1043.9425       43.9425     1043.9425
  26.      divpenalty                  1713.55             1717.77       -1.3385       -0.8385    -4155.1496    -6037.0323
  27.      alphaed(m,ned)              1713.55             1843.55       -3.1253        1.8747      420.7680     8670.0450
  28.      alphaed(f,ned)              1713.55             3238.44       -1.2983        3.7017     2144.5095     9759.1293
  29.      alphaed(m,ed)               1713.55             1721.08       -3.8513        1.1487      208.0988     7592.7378
  30.      alphaed(f,ed)               1713.55             1456.43        1.0247        6.0247     7358.9333     9975.8763
  31.      alphakid(m)                 1713.55             1825.77       -2.9022        2.0978      520.4539     8906.9011
  33.      uloc                        1713.55             1789.28     4909.9750     9819.9500     4909.9750     9819.9500
  35.      uloc                        1713.55             1761.85     8236.5929    16473.1857     8236.5929    16473.1857
  36.      uloc                        1713.55             1764.77     3596.6060     7193.2121     3596.6060     7193.2121
  37.      uloc                        1713.55             1770.52     6004.6047    12009.2094     6004.6047    12009.2094
  38.      uloc                        1713.55             1688.88     8037.1058    16074.2117     8037.1058    16074.2117
  39.      uloc                        1713.55             1745.28     3390.3060     6780.6120     3390.3060     6780.6120
  40.      uloc                        1713.55             1771.81     4283.2441     8566.4882     4283.2441     8566.4882
  41.      uloc                        1713.55             1768.15     4274.9380     8549.8761     4274.9380     8549.8761
  42.      alf10                       1713.55             1838.47        0.0612        0.5612        0.0612        0.5612
  43.      alf10                       1713.55             1783.37        0.1164        0.6164        0.1164        0.6164
  44.      alf10                       1713.55             1761.42        0.0592        0.5592        0.0592        0.5592
  45.      alf10                       1713.55             2035.33        0.2107        0.7107        0.2107        0.7107
  47.      alf10                       1713.55             2074.91        0.2185        0.7185        0.2185        0.7185
  48.      alf10                       1713.55             1802.34        0.1739        0.6739        0.1739        0.6739
  49.      alf10                       1713.55             2155.99        0.2270        0.7270        0.2270        0.7270
  50.      alf10                       1713.55             1757.50        0.1296        0.6296        0.1296        0.6296
  51.      alf11                       1713.55             1691.76       -1.0306       -0.7306        0.2630        0.3251
  52.      alf12                       1713.55             1632.99       -0.1259        0.1741        0.4686        0.5434
  54.      alf20                       1713.55             1987.78        0.0599        0.5599        0.0599        0.5599
  55.      alf20                       1713.55             1832.49        0.0469        0.5469        0.0469        0.5469
  56.      alf20                       1713.55             2125.36        0.1081        0.6081        0.1081        0.6081
  57.      alf20                       1713.55             2024.84        0.1523        0.6523        0.1523        0.6523
  59.      alf20                       1713.55             2214.87        0.2207        0.7207        0.2207        0.7207
  60.      alf20                       1713.55             2074.74        0.2800        0.7800        0.2800        0.7800
  61.      alf20                       1713.55             1995.16        0.1076        0.6076        0.1076        0.6076
  62.      alf20                       1713.55             1991.50        0.1622        0.6622        0.1622        0.6622
  63.      alf21                       1713.55             1730.22       -0.5019       -0.2019        0.3771        0.4497
  64.      alf22                       1713.55             1739.04       -1.1259       -0.8259        0.2449        0.3045
  66.      sig_wge                     1713.55             1644.66       -2.0414       -1.5414        0.1149        0.1763
  67.      sig_wge                     1713.55             1744.49       -1.6874       -1.1874        0.1561        0.2337
  68.      sigo_m                      1713.55             2179.75       -2.1281       -1.6281    31918.9230    49227.6363
  69.      sigo_f                      1713.55             2381.96       -2.2641       -1.7641    28242.5362    43883.9963
  72.      alf1t                       1713.55             1491.51        9.1000        9.5000        9.1000        9.5000
  73.      alf2t                       1713.55             1863.70        8.6000        9.2000        8.6000        9.2000
  74.      cst                         1713.55             1708.53   -15975.1606   -18475.1606   -15975.1606   -18475.1606
  75.      mu_mar                      1713.55             1788.40       -6.0000       -5.0000      123.6312      334.6425
  78.      alf1t                       1713.55             1479.12        9.1000        9.5000        9.1000        9.5000
  79.      alf2t                       1713.55             1842.53        8.6000        9.2000        8.6000        9.2000
  84.      alf1t                       1713.55             1518.97        8.9000        9.3000        8.9000        9.3000
  85.      alf2t                       1713.55             2512.88        9.1000        9.7000        9.1000        9.7000
  90.      alf1t                       1713.55             1518.51        8.9000        9.3000        8.9000        9.3000
  91.      alf2t                       1713.55             2515.97        9.1000        9.7000        9.1000        9.7000
  35.      uloc                        1713.55             1814.86     8236.5929     8498.0720     8236.5929     8498.0720
  35.      uloc                        1713.55             1793.12     8236.5929     8506.3729     8236.5929     8506.3729
  35.      uloc                        1713.55             2616.02     8236.5929     8776.1530     8236.5929     8776.1530
  35.      uloc                        1713.55             1715.30     8236.5929     8514.9374     8236.5929     8514.9374
  35.      uloc                        1713.55             2179.41     8236.5929     8793.2819     8236.5929     8793.2819
  35.      uloc                        1713.55             1871.71     8236.5929     8523.7737     8236.5929     8523.7737
  35.      uloc                        1713.55             1902.66     8236.5929     8532.8906     8236.5929     8532.8906
  35.      uloc                        1713.55             1635.29     8236.5929     8542.2968     8236.5929     8542.2968
  35.      uloc                        1713.55             1584.73     8236.5929     8848.0008     8236.5929     8848.0008
  41.      uloc                        1713.55             1696.82     4274.9380       33.0275     4274.9380       33.0275
  41.      uloc                        1713.55             1624.05     4274.9380    -8483.8211     4274.9380    -8483.8211
  41.      uloc                        1713.55             1552.58     4274.9380     3902.9256     4274.9380     3902.9256
  41.      uloc                        1713.55             1718.33     4274.9380     3891.1156     4274.9380     3891.1156
  41.      uloc                        1713.55             2771.61     4274.9380     3507.2932     4274.9380     3507.2932
  41.      uloc                        1713.55             1826.93     4274.9380     3878.9308     4274.9380     3878.9308
  41.      uloc                        1713.55             1674.94     4274.9380     3866.3591     4274.9380     3866.3591
  41.      uloc                        1713.55             1572.89     4274.9380     3853.3884     4274.9380     3853.3884
  41.      uloc                        1713.55             1508.93     4274.9380     3431.8387     4274.9380     3431.8387
  41.      uloc                        1713.55             1603.01     4274.9380     3826.6233     4274.9380     3826.6233
  41.      uloc                        1713.55             1535.02     4274.9380     3378.3086     4274.9380     3378.3086
  41.      uloc                        1713.55             1989.46     4274.9380     3639.4931     4274.9380     3639.4931
  41.      uloc                        1713.55            53546.03     4274.9380     2850.2644     4274.9380     2850.2644
  41.      uloc                        1713.55             1579.98     4274.9380     3773.1040     4274.9380     3773.1040
  41.      uloc                        1713.55             1500.10     4274.9380     3271.2700     4274.9380     3271.2700
  41.      uloc                        1713.55             3441.54     4274.9380     3413.8359     4274.9380     3413.8359
  35.      uloc                        1713.55             1584.73     8236.5929     8848.0008     8236.5929     8848.0008
  41.      uloc                        1713.55             1768.80     4274.9380     5770.7033     4274.9380     5770.7033
  38.      uloc                        1713.55             1573.00     8037.1058      199.4693     8037.1058      199.4693
  38.      uloc                        1713.55             1593.33     8037.1058   -15675.2731     8037.1058   -15675.2731
  41.      uloc                        1713.55             1716.14     4274.9380     3724.2988     4274.9380     3724.2988
  41.      uloc                        1713.55             3084.14     4274.9380     3173.6596     4274.9380     3173.6596
  41.      uloc                        1713.55             1590.44     4274.9380     3706.8182     4274.9380     3706.8182
  41.      uloc                        1713.55             1706.34     4274.9380     3138.6983     4274.9380     3138.6983
  41.      uloc                        1713.55             1822.64     4274.9380     3688.7826     4274.9380     3688.7826
  44.      alf10                       1713.55             1763.11        0.0592        0.5592        0.0592        0.5592
  41.      uloc                        1713.55             1747.80     4274.9380     3688.7826     4274.9380     3688.7826
  41.      uloc                        1713.55             3022.58     4274.9380     3102.6272     4274.9380     3102.6272
  40.      uloc                        1713.55             1571.00     4283.2441      138.5659     4283.2441      138.5659
  40.      uloc                        1713.55             1504.39     4283.2441    -8289.3565     4283.2441    -8289.3565
  41.      uloc                        1713.55             1649.67     4274.9380     3631.7768     4274.9380     3631.7768
  41.      uloc                        1713.55             3660.20     4274.9380     2988.6157     4274.9380     2988.6157
  41.      uloc                        1713.55             1539.50     4274.9380     3611.3590     4274.9380     3611.3590
  14.      uhomet 1                    1713.55             2025.02     7213.3363     3753.8817     7213.3363     3753.8817
  41.      uloc                        1713.55             1807.25     4274.9380     3568.5583     4274.9380     3568.5583
  41.      uloc                        1713.55             1532.92     4274.9380     3546.1335     4274.9380     3546.1335
  41.      uloc                        1713.55             1449.54     4274.9380     2817.3290     4274.9380     2817.3290
  41.      uloc                        1713.55             1714.12     4274.9380     3499.8602     4274.9380     3499.8602
  41.      uloc                        1713.55             3235.33     4274.9380     2724.7824     4274.9380     2724.7824
  85.      alf2t                       1713.55             2517.14        9.1000        9.7000        9.1000        9.7000
  41.      uloc                        1713.55             1859.36     4274.9380     3350.8082     4274.9380     3350.8082
  14.      uhomet 1                    1713.55             1883.66     7213.3363    10817.0817     7213.3363    10817.0817
  14.      uhomet 1                    1713.55             6599.98     7213.3363    17880.2817     7213.3363    17880.2817
  25.      kcst                        1713.55             1509.76       43.9425     -907.2864       43.9425     -907.2864
  25.      kcst                        1713.55             1425.50       43.9425    -2858.5154       43.9425    -2858.5154
  41.      uloc                        1713.55             1778.10     4274.9380     3434.2214     4274.9380     3434.2214
  41.      uloc                        1713.55             1743.72     4274.9380     3407.5320     4274.9380     3407.5320
  41.      uloc                        1713.55             3504.86     4274.9380     2540.1260     4274.9380     2540.1260
  41.      uloc                        1713.55             1576.52     4274.9380     3379.9953     4274.9380     3379.9953
  36.      uloc                        1713.55             1494.17     3596.6060      224.0686     3596.6060      224.0686
  36.      uloc                        1713.55             1405.15     3596.6060    -6745.0749     3596.6060    -6745.0749
  40.      uloc                        1713.55             2332.44     4283.2441     3680.8115     4283.2441     3680.8115
  40.      uloc                        1713.55             6218.40     4283.2441     2886.9796     4283.2441     2886.9796
  38.      uloc                        1713.55             1558.02     8037.1058    15987.5391     8037.1058    15987.5391
  38.      uloc                        1713.55             1687.26     8037.1058    31775.6090     8037.1058    31775.6090
  41.      uloc                        1713.55             1805.63     4274.9380     3290.3979     4274.9380     3290.3979
  41.      uloc                        1713.55             1781.59     4274.9380     3259.1427     4274.9380     3259.1427
  41.      uloc                        1713.55            44771.04     4274.9380     2243.3473     4274.9380     2243.3473
  41.      uloc                        1713.55             1844.95     4274.9380     3226.8952     4274.9380     3226.8952
  41.      uloc                        1713.55             1604.04     4274.9380     3193.6240     4274.9380     3193.6240
  41.      uloc                        1713.55             1569.48     4274.9380     2112.3100     4274.9380     2112.3100
  41.      uloc                        1713.55             1469.94     4274.9380     3124.9691     4274.9380     3124.9691
  41.      uloc                        1713.55             1503.34     4274.9380     1975.0003     4274.9380     1975.0003
  41.      uloc                        1713.55             1649.82     4274.9380     3088.4622     4274.9380     3088.4622
  41.      uloc                        1713.55             2963.89     4274.9380     1901.9864     4274.9380     1901.9864
  41.      uloc                        1713.55             1597.26     4274.9380     3050.7963     4274.9380     3050.7963
  41.      uloc                        1713.55             1548.55     4274.9380     3011.9347     4274.9380     3011.9347
  41.      uloc                        1713.55             2513.47     4274.9380     2971.8393     4274.9380     2971.8393
  38.      uloc                        1713.55             1766.20     8037.1058     9030.9635     8037.1058     9030.9635
  41.      uloc                        1713.55             1561.64     4274.9380     2780.3081     4274.9380     2780.3081
  41.      uloc                        1713.55             1441.50     4274.9380     2719.0964     4274.9380     2719.0964
  41.      uloc                        1713.55             2072.58     4274.9380     1014.2028     4274.9380     1014.2028
  41.      uloc                        1713.55             1826.29     4274.9380     3866.7994     4274.9380     3866.7994
  41.      uloc                        1713.55             1730.88     4274.9380     2838.0473     4274.9380     2838.0473
  41.      uloc                        1713.55             1977.89     4274.9380     4136.8986     4274.9380     4136.8986
  41.      uloc                        1713.55             1537.79     4274.9380    15993.2168     4274.9380    15993.2168
  41.      uloc                        1713.55             2005.49     4274.9380    40470.2547     4274.9380    40470.2547
  40.      uloc                        1713.55             7340.48     4283.2441     3132.9101     4283.2441     3132.9101
  40.      uloc                        1713.55             2417.99     4283.2441     3528.8340     4283.2441     3528.8340
  74.      cst                         1713.55             1453.78   -15975.1606   -13740.0855   -15975.1606   -13740.0855
  74.      cst                         1713.55             1512.49   -15975.1606    -9005.0105   -15975.1606    -9005.0105
  40.      uloc                        1713.55             1758.00     4283.2441     3378.5080     4283.2441     3378.5080
  40.      uloc                        1713.55             2327.75     4283.2441     2337.7958     4283.2441     2337.7958
  41.      uloc                        1713.55             1863.09     4274.9380     4665.1402     4274.9380     4665.1402
  35.      uloc                        1713.55             1528.44     8236.5929     8971.1075     8236.5929     8971.1075
  41.      uloc                        1713.55             1534.70     4274.9380     3081.1154     4274.9380     3081.1154
  41.      uloc                        1713.55             2179.37     4274.9380     4835.1800     4274.9380     4835.1800
  35.      uloc                        1713.55             1456.76     8236.5929     9391.9848     8236.5929     9391.9848
  35.      uloc                        1713.55             2091.37     8236.5929    10547.3767     8236.5929    10547.3767
  35.      uloc                        1713.55             1463.97     8236.5929     9428.6639     8236.5929     9428.6639
  35.      uloc                        1713.55             1445.36     8236.5929    10620.7349     8236.5929    10620.7349
  35.      uloc                        1713.55             2414.84     8236.5929     9440.1831     8236.5929     9440.1831
  40.      uloc                        1713.55             2179.14     4283.2441     3436.2667     4283.2441     3436.2667
  35.      uloc                        1713.55             1733.08     8236.5929     9539.0974     8236.5929     9539.0974
  35.      uloc                        1713.55             4960.13     8236.5929    10841.6019     8236.5929    10841.6019
  14.      uhomet 1                    1713.55             1834.55     7213.3363     4007.7223     7213.3363     4007.7223
  35.      uloc                        1713.55             1546.78     8236.5929     9619.0132     8236.5929     9619.0132
  35.      uloc                        1713.55             2710.19     8236.5929    11001.4335     8236.5929    11001.4335
  38.      uloc                        1713.55             1758.52     8037.1058     9083.7919     8037.1058     9083.7919
  40.      uloc                        1713.55             2179.14     4283.2441     3436.2667     4283.2441     3436.2667
  38.      uloc                        1713.55             5616.84     8037.1058     6071.7384     8037.1058     6071.7384
  35.      uloc                        1713.55             1365.09     8236.5929     9662.8995     8236.5929     9662.8995
  35.      uloc                        1713.55             1433.35     8236.5929    11089.2062     8236.5929    11089.2062
  35.      uloc                        1713.55             1854.52     8236.5929     8466.3796     8236.5929     8466.3796
  35.      uloc                        1713.55             1410.23     8236.5929     9677.2647     8236.5929     9677.2647
  35.      uloc                        1713.55             2085.19     8236.5929    11117.9365     8236.5929    11117.9365
  38.      uloc                        1713.55             1695.14     8037.1058     9107.2212     8037.1058     9107.2212
  35.      uloc                        1713.55             1494.23     8236.5929     9730.3269     8236.5929     9730.3269
  35.      uloc                        1713.55            15950.20     8236.5929    11224.0609     8236.5929    11224.0609
  35.      uloc                        1713.55             1764.73     8236.5929     8351.4404     8236.5929     8351.4404
  35.      uloc                        1713.55             1374.13     8236.5929     1239.4346     8236.5929     1239.4346
  35.      uloc                        1713.55             1440.74     8236.5929   -13994.3165     8236.5929   -13994.3165
  37.      uloc                        1713.55             1358.95     6004.6047     7133.5304     6004.6047     7133.5304
  37.      uloc                        1713.55             1339.96     6004.6047     8262.4561     6004.6047     8262.4561
  40.      uloc                        1713.55             2160.91     4283.2441     3337.1125     4283.2441     3337.1125
  37.      uloc                        1713.55             1254.85     6004.6047     7203.4114     6004.6047     7203.4114
  37.      uloc                        1713.55             1215.97     6004.6047     8402.2182     6004.6047     8402.2182
  40.      uloc                        1713.55             1187.13     4283.2441     3578.6447     4283.2441     3578.6447
  41.      uloc                        1713.55             1389.93     4274.9380     5527.2678     4274.9380     5527.2678
  38.      uloc                        1713.55             1631.36     8037.1058     9148.5765     8037.1058     9148.5765
  41.      uloc                        1713.55             1489.44     4274.9380     2822.6567     4274.9380     2822.6567
  38.      uloc                        1713.55             1354.87     8037.1058      610.8055     8037.1058      610.8055
  38.      uloc                        1713.55             1389.67     8037.1058   -14765.9281     8037.1058   -14765.9281
  37.      uloc                        1713.55             2233.95     6004.6047     7171.4144     6004.6047     7171.4144
  37.      uloc                        1713.55             1717.46     6004.6047     6921.5915     6004.6047     6921.5915
  33.      uloc                        1713.55             1364.08     4909.9750      959.0137     4909.9750      959.0137
  33.      uloc                        1713.55             1489.35     4909.9750    -7901.9226     4909.9750    -7901.9226
  41.      uloc                        1713.55             1448.36     4274.9380    -8798.4779     4274.9380    -8798.4779
  41.      uloc                        1713.55             1710.81     4274.9380   -33590.1726     4274.9380   -33590.1726
  41.      uloc                        1713.55             1309.63     4274.9380     2504.7718     4274.9380     2504.7718
  40.      uloc                        1713.55             1769.04     4283.2441     2562.3778     4283.2441     2562.3778
  40.      uloc                        1713.55             1516.34     4283.2441     2889.6451     4283.2441     2889.6451
  41.      uloc                        1713.55             1341.38     4274.9380     3167.3581     4274.9380     3167.3581
  40.      uloc                        1713.55             2223.93     4283.2441     2427.1901     4283.2441     2427.1901
  35.      uloc                        1713.55             2814.21     8236.5929     7664.8367     8236.5929     7664.8367
  40.      uloc                        1713.55             2199.64     4283.2441     3768.4027     4283.2441     3768.4027
  40.      uloc                        1713.55             1969.94     4283.2441     3265.3517     4283.2441     3265.3517
  41.      uloc                        1713.55             1500.10     4274.9380     2745.9548     4274.9380     2745.9548
  41.      uloc                        1713.55             1438.65     4274.9380     3259.3174     4274.9380     3259.3174
  41.      uloc                        1713.55             1553.35     4274.9380     2857.3394     4274.9380     2857.3394
  37.      uloc                        1713.55             1474.69     6004.6047     7289.2220     6004.6047     7289.2220
  14.      uhomet 1                    1713.55             1577.53     7213.3363    10945.9898     7213.3363    10945.9898
  41.      uloc                        1713.55             1765.98     4274.9380     3332.0226     4274.9380     3332.0226
  41.      uloc                        1713.55             1358.23     4274.9380     2380.9641     4274.9380     2380.9641
  41.      uloc                        1713.55             1535.33     4274.9380     2984.4169     4274.9380     2984.4169
  39.      uloc                        1713.55             1262.61     3390.3060      831.7610     3390.3060      831.7610
  39.      uloc                        1713.55             1519.58     3390.3060    -5117.0899     3390.3060    -5117.0899
  41.      uloc                        1713.55             1663.06     4274.9380     1835.0099     4274.9380     1835.0099
  41.      uloc                        1713.55             1312.30     4274.9380     2569.3037     4274.9380     2569.3037
  40.      uloc                        1713.55             2539.85     4283.2441      685.0444     4283.2441      685.0444
  41.      uloc                        1713.55             1268.80     4274.9380     2106.5777     4274.9380     2106.5777
  41.      uloc                        1713.55            20792.57     4274.9380      -61.7827     4274.9380      -61.7827
  41.      uloc                        1713.55             1929.31     4274.9380     3238.6803     4274.9380     3238.6803
  40.      uloc                        1713.55             9649.30     4283.2441     5339.9422     4283.2441     5339.9422
  41.      uloc                        1713.55             1256.72     4274.9380     2041.7958     4274.9380     2041.7958
  41.      uloc                        1713.55             1553.59     4274.9380     -191.3465     4274.9380     -191.3465
  41.      uloc                        1713.55             1284.76     4274.9380     1970.9024     4274.9380     1970.9024
  41.      uloc                        1713.55             1808.05     4274.9380     2792.7011     4274.9380     2792.7011
  40.      uloc                        1713.55             1512.18     4283.2441     2758.6523     4283.2441     2758.6523
  41.      uloc                        1713.55             1360.24     4274.9380     2492.9695     4274.9380     2492.9695
  40.      uloc                        1713.55             1365.33     4283.2441     2262.6484     4283.2441     2262.6484
  40.      uloc                        1713.55             6391.58     4283.2441      -24.0417     4283.2441      -24.0417
  41.      uloc                        1713.55             1946.17     4274.9380     3161.5505     4274.9380     3161.5505
  41.      uloc                        1713.55             1383.55     4274.9380     1890.8723     4274.9380     1890.8723
  41.      uloc                        1713.55             1397.65     4274.9380     2121.8214     4274.9380     2121.8214
  41.      uloc                        1713.55             1238.67     4274.9380     1669.6461     4274.9380     1669.6461
  41.      uloc                        1713.55             1621.43     4274.9380     -935.6458     4274.9380     -935.6458
  41.      uloc                        1713.55             1690.37     4274.9380     3116.2305     4274.9380     3116.2305
  41.      uloc                        1713.55             1549.85     4274.9380     2928.6993     4274.9380     2928.6993
  41.      uloc                        1713.55             2741.58     4274.9380     2872.9816     4274.9380     2872.9816
  41.      uloc                        1713.55             1269.33     4274.9380     1595.4404     4274.9380     1595.4404
  41.      uloc                        1713.55             1722.37     4274.9380    -1084.0573     4274.9380    -1084.0573
  37.      uloc                        1713.55             1270.13     6004.6047     2035.5892     6004.6047     2035.5892
  37.      uloc                        1713.55             2038.40     6004.6047    -7938.0311     6004.6047    -7938.0311
  40.      uloc                        1713.55             1452.28     4283.2441     2483.3113     4283.2441     2483.3113
  41.      uloc                        1713.55             1675.73     4274.9380     3357.9766     4274.9380     3357.9766
  41.      uloc                        1713.55             1967.35     4274.9380     2407.7421     4274.9380     2407.7421
  41.      uloc                        1713.55             1765.98     4274.9380     3332.0226     4274.9380     3332.0226
  40.      uloc                        1713.55             1232.73     4283.2441     1934.9489     4283.2441     1934.9489
  40.      uloc                        1713.55             1288.40     4283.2441     -671.2533     4283.2441     -671.2533
  41.      uloc                        1713.55             1506.28     4274.9380     2770.3528     4274.9380     2770.3528
  40.      uloc                        1713.55             1652.26     4283.2441     2777.8266     4283.2441     2777.8266
  41.      uloc                        1713.55             1280.94     4274.9380     1377.0100     4274.9380     1377.0100
  41.      uloc                        1713.55             5083.52     4274.9380    -1520.9181     4274.9380    -1520.9181
  41.      uloc                        1713.55             1436.92     4274.9380     2111.8364     4274.9380     2111.8364
  41.      uloc                        1713.55             2286.82     4274.9380      750.1182     4274.9380      750.1182
  41.      uloc                        1713.55             1510.75     4274.9380     1915.4494     4274.9380     1915.4494
  40.      uloc                        1713.55             1430.15     4283.2441     1714.5347     4283.2441     1714.5347
  41.      uloc                        1713.55             1884.61     4274.9380     2097.9618     4274.9380     2097.9618
  40.      uloc                        1713.55             1474.05     4283.2441     3031.4590     4283.2441     3031.4590
