  0.81397206897108965     
  -3.7777436066742478     
   3.1384193227042663     
  -102.59999999999948     
 -0.19593016902554666     
 -0.30969812502119887     
   1.2006680228661446     
  -99.699999999996876     
   4.0314704402557915     
  0.42574599916700007     
   1.0917904541697321     
 -0.29854863648689034     
   2.1857680380388902     
   7563.4064177401979     
   7000.0000000000000     
  -1.8272303572707800     
   0.0000000000000000     
   0.0000000000000000     
   0.0000000000000000     
  -1.2210000000000316     
  -2.6190281370968176     
   0.0000000000000000     
   0.0000000000000000     
   7000.0000000000000     
  -164.58072175615797     
  -1.2733356246477061     
  -2.8731000101224691     
  -4.8284806229728909     
  -2.5797882095209537     
   2.2962417069739853     
  -5.0944248550745534     
  -3.9490000000000691     
   6158.5910616460933     
   0.0000000000000000     
   9438.2794913363596     
   3086.0910182959169     
   7531.5872288755645     
   8871.0469160905177     
   4252.4673123104167     
   2822.6843838755863     
   3512.6357285092449     
  0.18835161550041596     
  0.23728319489603961     
   9.8002824976132136E-002
  0.27259817645036777     
 -0.24859999999999804     
  0.23349903391298379     
  0.24333533906701585     
  0.32527831658769990     
  0.10331564902970654     
  -1.1065006965632864     
 -0.12908120910294402     
   0.0000000000000000     
  -3.4546026592870697E-002
   1.5807661868269762E-002
  0.12658125333782694     
  0.17413974331115847     
 -0.71159999999999024     
  0.27742285090680108     
  0.34890358377194636     
  0.10810575414159662     
  0.19177676691697790     
 -0.56273864286257536     
  -1.0495892512151550     
   7000.0000000000000     
  -2.1258108540410681     
  -1.5602613314835947     
  -2.1739551304111164     
  -2.3054114790533329     
 -0.38069999999999693     
 -0.32520000000000571     
   9.2017207695458616     
   8.6753465569824808     
  -16199.092747471188     
  -6.0722933048335657     
   0.0000000000000000     
   0.0000000000000000     
   9.0938075804600853     
   8.5794874714073384     
  -19690.000000000000     
  -6.0000000000000000     
   0.0000000000000000     
   0.0000000000000000     
   8.8781204322649288     
   9.1317296365406673     
  -19440.000000000000     
  -6.0000000000000000     
   0.0000000000000000     
   0.0000000000000000     
   9.0017207695456616     
   9.0606233940953214     
  -18910.000000000000     
  -6.0000000000000000     
